split,index,nodes,total_values_for_nodes,edges,total_values_for_edges,total_values_for_graph
train,0,22,22528,44,44,22572
train,1,158,161792,412,412,162204
train,2,13,13312,26,26,13338
train,3,59,60416,134,134,60550
train,4,45,46080,97,97,46177
train,5,33,33792,70,70,33862
train,6,278,284672,771,771,285443
train,7,24,24576,57,57,24633
train,8,40,40960,89,89,41049
train,9,178,182272,458,458,182730
train,10,37,37888,83,83,37971
train,11,26,26624,60,60,26684
train,12,38,38912,87,87,38999
train,13,120,122880,288,288,123168
train,14,107,109568,261,261,109829
train,15,30,30720,66,66,30786
train,16,50,51200,116,116,51316
train,17,68,69632,164,164,69796
train,18,159,162816,417,417,163233
train,19,298,305152,923,923,306075
train,20,97,99328,242,242,99570
train,21,142,145408,381,381,145789
train,22,148,151552,387,387,151939
train,23,28,28672,70,70,28742
train,24,28,28672,67,67,28739
train,25,20,20480,44,44,20524
train,26,58,59392,135,135,59527
train,27,22,22528,43,43,22571
train,28,47,48128,105,105,48233
train,29,35,35840,74,74,35914
train,30,39,39936,88,88,40024
train,31,193,197632,544,544,198176
train,32,24,24576,51,51,24627
train,33,35,35840,75,75,35915
train,34,105,107520,265,265,107785
train,35,54,55296,118,118,55414
train,36,25,25600,51,51,25651
train,37,22,22528,45,45,22573
train,38,47,48128,109,109,48237
train,39,224,229376,584,584,229960
train,40,24,24576,49,49,24625
train,41,28,28672,63,63,28735
train,42,38,38912,81,81,38993
train,43,40,40960,90,90,41050
train,44,27,27648,66,66,27714
train,45,437,447488,1308,1308,448796
train,46,70,71680,154,154,71834
train,47,60,61440,141,141,61581
train,48,38,38912,84,84,38996
train,49,23,23552,48,48,23600
train,50,261,267264,748,748,268012
train,51,65,66560,152,152,66712
train,52,97,99328,227,227,99555
train,53,103,105472,277,277,105749
train,54,53,54272,120,120,54392
train,55,172,176128,453,453,176581
train,56,48,49152,105,105,49257
train,57,52,53248,112,112,53360
train,58,31,31744,74,74,31818
train,59,80,81920,183,183,82103
train,60,22,22528,50,50,22578
train,61,62,63488,144,144,63632
train,62,88,90112,198,198,90310
train,63,13,13312,25,25,13337
train,64,51,52224,120,120,52344
train,65,106,108544,265,265,108809
train,66,26,26624,59,59,26683
train,67,70,71680,154,154,71834
train,68,85,87040,215,215,87255
train,69,44,45056,105,105,45161
train,70,49,50176,111,111,50287
train,71,23,23552,46,46,23598
train,72,74,75776,166,166,75942
train,73,64,65536,142,142,65678
train,74,42,43008,91,91,43099
train,75,20,20480,39,39,20519
train,76,162,165888,429,429,166317
train,77,22,22528,46,46,22574
train,78,45,46080,103,103,46183
train,79,23,23552,50,50,23602
train,80,86,88064,201,201,88265
train,81,34,34816,84,84,34900
train,82,71,72704,165,165,72869
train,83,60,61440,139,139,61579
train,84,51,52224,118,118,52342
train,85,33,33792,77,77,33869
train,86,27,27648,57,57,27705
train,87,170,174080,439,439,174519
train,88,62,63488,150,150,63638
train,89,22,22528,44,44,22572
train,90,22,22528,45,45,22573
train,91,11,11264,22,22,11286
train,92,38,38912,95,95,39007
train,93,120,122880,301,301,123181
train,94,26,26624,63,63,26687
train,95,12,12288,25,25,12313
train,96,74,75776,175,175,75951
train,97,224,229376,652,652,230028
train,98,25,25600,52,52,25652
train,99,24,24576,53,53,24629
train,100,74,75776,180,180,75956
train,101,37,37888,90,90,37978
train,102,140,143360,335,335,143695
train,103,52,53248,117,117,53365
train,104,45,46080,112,112,46192
train,105,140,143360,333,333,143693
train,106,36,36864,83,83,36947
train,107,38,38912,84,84,38996
train,108,10,10240,20,20,10260
train,109,26,26624,58,58,26682
train,110,27,27648,65,65,27713
train,111,23,23552,52,52,23604
train,112,73,74752,171,171,74923
train,113,23,23552,46,46,23598
train,114,57,58368,127,127,58495
train,115,21,21504,47,47,21551
train,116,84,86016,201,201,86217
train,117,128,131072,333,333,131405
train,118,46,47104,116,116,47220
train,119,51,52224,109,109,52333
train,120,253,259072,717,717,259789
train,121,71,72704,160,160,72864
train,122,26,26624,60,60,26684
train,123,22,22528,45,45,22573
train,124,54,55296,118,118,55414
train,125,89,91136,196,196,91332
train,126,29,29696,68,68,29764
train,127,65,66560,167,167,66727
train,128,117,119808,285,285,120093
train,129,21,21504,47,47,21551
train,130,78,79872,188,188,80060
train,131,36,36864,77,77,36941
train,132,38,38912,87,87,38999
train,133,43,44032,89,89,44121
train,134,31,31744,74,74,31818
train,135,56,57344,129,129,57473
train,136,150,153600,385,385,153985
train,137,53,54272,123,123,54395
train,138,122,124928,300,300,125228
train,139,80,81920,182,182,82102
train,140,108,110592,274,274,110866
train,141,25,25600,51,51,25651
train,142,48,49152,111,111,49263
train,143,107,109568,260,260,109828
train,144,25,25600,60,60,25660
train,145,75,76800,174,174,76974
train,146,85,87040,192,192,87232
train,147,151,154624,375,375,154999
train,148,16,16384,31,31,16415
train,149,73,74752,171,171,74923
train,150,129,132096,328,328,132424
train,151,110,112640,258,258,112898
train,152,21,21504,47,47,21551
train,153,21,21504,47,47,21551
train,154,36,36864,77,77,36941
train,155,59,60416,127,127,60543
train,156,26,26624,63,63,26687
train,157,54,55296,123,123,55419
train,158,77,78848,175,175,79023
train,159,106,108544,242,242,108786
train,160,37,37888,78,78,37966
train,161,17,17408,33,33,17441
train,162,44,45056,101,101,45157
train,163,30,30720,67,67,30787
train,164,44,45056,91,91,45147
train,165,280,286720,788,788,287508
train,166,35,35840,86,86,35926
train,167,167,171008,427,427,171435
train,168,124,126976,317,317,127293
train,169,25,25600,50,50,25650
train,170,33,33792,70,70,33862
train,171,101,103424,245,245,103669
train,172,45,46080,105,105,46185
train,173,14,14336,27,27,14363
train,174,29,29696,63,63,29759
train,175,20,20480,41,41,20521
train,176,107,109568,264,264,109832
train,177,149,152576,395,395,152971
train,178,39,39936,89,89,40025
train,179,68,69632,183,183,69815
train,180,227,232448,574,574,233022
train,181,73,74752,175,175,74927
train,182,167,171008,421,421,171429
train,183,210,215040,536,536,215576
train,184,31,31744,70,70,31814
train,185,74,75776,186,186,75962
train,186,103,105472,275,275,105747
train,187,25,25600,51,51,25651
train,188,158,161792,439,439,162231
train,189,133,136192,338,338,136530
train,190,30,30720,68,68,30788
train,191,181,185344,458,458,185802
train,192,208,212992,544,544,213536
train,193,23,23552,46,46,23598
train,194,272,278528,761,761,279289
train,195,61,62464,136,136,62600
train,196,79,80896,187,187,81083
train,197,45,46080,107,107,46187
train,198,123,125952,293,293,126245
train,199,85,87040,203,203,87243
train,200,57,58368,128,128,58496
train,201,187,191488,488,488,191976
train,202,58,59392,137,137,59529
train,203,85,87040,197,197,87237
train,204,34,34816,80,80,34896
train,205,132,135168,331,331,135499
train,206,36,36864,75,75,36939
train,207,50,51200,110,110,51310
train,208,85,87040,200,200,87240
train,209,40,40960,90,90,41050
train,210,21,21504,44,44,21548
train,211,28,28672,63,63,28735
train,212,42,43008,96,96,43104
train,213,22,22528,45,45,22573
train,214,175,179200,472,472,179672
train,215,46,47104,96,96,47200
train,216,19,19456,42,42,19498
train,217,43,44032,109,109,44141
train,218,77,78848,181,181,79029
train,219,75,76800,177,177,76977
train,220,31,31744,69,69,31813
train,221,48,49152,108,108,49260
train,222,64,65536,154,154,65690
train,223,69,70656,159,159,70815
train,224,82,83968,202,202,84170
train,225,45,46080,108,108,46188
train,226,28,28672,66,66,28738
train,227,17,17408,34,34,17442
train,228,34,34816,75,75,34891
train,229,26,26624,52,52,26676
train,230,60,61440,141,141,61581
train,231,29,29696,63,63,29759
train,232,23,23552,48,48,23600
train,233,103,105472,248,248,105720
train,234,61,62464,133,133,62597
train,235,168,172032,442,442,172474
train,236,53,54272,126,126,54398
train,237,84,86016,208,208,86224
train,238,15,15360,29,29,15389
train,239,41,41984,95,95,42079
train,240,27,27648,59,59,27707
train,241,33,33792,71,71,33863
train,242,24,24576,51,51,24627
train,243,344,352256,988,988,353244
train,244,69,70656,159,159,70815
train,245,241,246784,692,692,247476
train,246,51,52224,122,122,52346
train,247,90,92160,209,209,92369
train,248,90,92160,209,209,92369
train,249,44,45056,98,98,45154
train,250,62,63488,138,138,63626
train,251,17,17408,39,39,17447
train,252,71,72704,167,167,72871
train,253,25,25600,54,54,25654
train,254,195,199680,524,524,200204
train,255,200,204800,562,562,205362
train,256,20,20480,45,45,20525
train,257,61,62464,139,139,62603
train,258,24,24576,52,52,24628
train,259,52,53248,114,114,53362
train,260,12,12288,24,24,12312
train,261,22,22528,51,51,22579
train,262,129,132096,352,352,132448
train,263,21,21504,48,48,21552
train,264,69,70656,161,161,70817
train,265,136,139264,341,341,139605
train,266,68,69632,170,170,69802
train,267,31,31744,73,73,31817
train,268,122,124928,325,325,125253
train,269,60,61440,154,154,61594
train,270,157,160768,413,413,161181
train,271,32,32768,68,68,32836
train,272,38,38912,90,90,39002
train,273,40,40960,85,85,41045
train,274,72,73728,166,166,73894
train,275,51,52224,110,110,52334
train,276,22,22528,45,45,22573
train,277,166,169984,435,435,170419
train,278,23,23552,46,46,23598
train,279,80,81920,197,197,82117
train,280,25,25600,55,55,25655
train,281,38,38912,83,83,38995
train,282,159,162816,423,423,163239
train,283,43,44032,100,100,44132
train,284,64,65536,144,144,65680
train,285,49,50176,110,110,50286
train,286,88,90112,211,211,90323
train,287,63,64512,144,144,64656
train,288,32,32768,65,65,32833
train,289,76,77824,166,166,77990
train,290,52,53248,113,113,53361
train,291,155,158720,394,394,159114
train,292,29,29696,58,58,29754
train,293,59,60416,137,137,60553
train,294,163,166912,420,420,167332
train,295,24,24576,48,48,24624
train,296,61,62464,144,144,62608
train,297,88,90112,214,214,90326
train,298,51,52224,117,117,52341
train,299,10,10240,20,20,10260
train,300,31,31744,75,75,31819
train,301,30,30720,66,66,30786
train,302,151,154624,392,392,155016
train,303,18,18432,35,35,18467
train,304,13,13312,25,25,13337
train,305,46,47104,108,108,47212
train,306,27,27648,64,64,27712
train,307,85,87040,189,189,87229
train,308,21,21504,46,46,21550
train,309,86,88064,215,215,88279
train,310,62,63488,142,142,63630
train,311,173,177152,468,468,177620
train,312,88,90112,206,206,90318
train,313,66,67584,154,154,67738
train,314,35,35840,83,83,35923
train,315,11,11264,21,21,11285
train,316,25,25600,51,51,25651
train,317,55,56320,122,122,56442
train,318,45,46080,102,102,46182
train,319,79,80896,188,188,81084
train,320,23,23552,47,47,23599
train,321,27,27648,62,62,27710
train,322,65,66560,144,144,66704
train,323,38,38912,88,88,39000
train,324,128,131072,314,314,131386
train,325,409,418816,1165,1165,419981
train,326,19,19456,44,44,19500
train,327,163,166912,405,405,167317
train,328,141,144384,378,378,144762
train,329,231,236544,620,620,237164
train,330,104,106496,270,270,106766
train,331,60,61440,131,131,61571
train,332,19,19456,41,41,19497
train,333,20,20480,42,42,20522
train,334,45,46080,105,105,46185
train,335,16,16384,36,36,16420
train,336,77,78848,176,176,79024
train,337,324,331776,990,990,332766
train,338,144,147456,358,358,147814
train,339,25,25600,51,51,25651
train,340,14,14336,27,27,14363
train,341,59,60416,141,141,60557
train,342,93,95232,216,216,95448
train,343,35,35840,86,86,35926
train,344,91,93184,232,232,93416
train,345,78,79872,183,183,80055
train,346,45,46080,115,115,46195
train,347,84,86016,218,218,86234
train,348,24,24576,50,50,24626
train,349,100,102400,228,228,102628
train,350,50,51200,110,110,51310
train,351,115,117760,273,273,118033
train,352,64,65536,149,149,65685
train,353,13,13312,26,26,13338
train,354,66,67584,152,152,67736
train,355,66,67584,157,157,67741
train,356,15,15360,29,29,15389
train,357,37,37888,82,82,37970
train,358,31,31744,68,68,31812
train,359,62,63488,157,157,63645
train,360,77,78848,184,184,79032
train,361,35,35840,76,76,35916
train,362,136,139264,320,320,139584
train,363,23,23552,54,54,23606
train,364,12,12288,23,23,12311
train,365,81,82944,197,197,83141
train,366,305,312320,823,823,313143
train,367,72,73728,165,165,73893
train,368,17,17408,33,33,17441
train,369,13,13312,26,26,13338
train,370,22,22528,47,47,22575
train,371,164,167936,441,441,168377
train,372,41,41984,100,100,42084
train,373,77,78848,185,185,79033
train,374,14,14336,28,28,14364
train,375,145,148480,387,387,148867
train,376,33,33792,70,70,33862
train,377,19,19456,44,44,19500
train,378,15,15360,29,29,15389
train,379,22,22528,46,46,22574
train,380,16,16384,36,36,16420
train,381,58,59392,138,138,59530
train,382,31,31744,74,74,31818
train,383,103,105472,272,272,105744
train,384,88,90112,210,210,90322
train,385,20,20480,42,42,20522
train,386,55,56320,128,128,56448
train,387,39,39936,94,94,40030
train,388,38,38912,79,79,38991
train,389,38,38912,88,88,39000
train,390,7,7168,14,14,7182
train,391,28,28672,58,58,28730
train,392,108,110592,276,276,110868
train,393,109,111616,275,275,111891
train,394,71,72704,168,168,72872
train,395,23,23552,53,53,23605
train,396,56,57344,129,129,57473
train,397,83,84992,236,236,85228
train,398,10,10240,19,19,10259
train,399,78,79872,184,184,80056
train,400,35,35840,81,81,35921
train,401,12,12288,24,24,12312
train,402,62,63488,146,146,63634
train,403,24,24576,48,48,24624
train,404,23,23552,47,47,23599
train,405,99,101376,237,237,101613
train,406,137,140288,339,339,140627
train,407,265,271360,705,705,272065
train,408,228,233472,589,589,234061
train,409,74,75776,164,164,75940
train,410,77,78848,175,175,79023
train,411,52,53248,125,125,53373
train,412,85,87040,218,218,87258
train,413,40,40960,93,93,41053
train,414,40,40960,95,95,41055
train,415,108,110592,280,280,110872
train,416,132,135168,320,320,135488
train,417,19,19456,44,44,19500
train,418,22,22528,50,50,22578
train,419,25,25600,51,51,25651
train,420,26,26624,61,61,26685
train,421,114,116736,270,270,117006
train,422,27,27648,63,63,27711
train,423,69,70656,165,165,70821
train,424,313,320512,853,853,321365
train,425,81,82944,192,192,83136
train,426,199,203776,539,539,204315
train,427,75,76800,177,177,76977
train,428,93,95232,209,209,95441
train,429,39,39936,90,90,40026
train,430,11,11264,21,21,11285
train,431,56,57344,135,135,57479
train,432,22,22528,48,48,22576
train,433,177,181248,470,470,181718
train,434,49,50176,106,106,50282
train,435,126,129024,315,315,129339
train,436,57,58368,127,127,58495
train,437,66,67584,150,150,67734
train,438,40,40960,86,86,41046
train,439,62,63488,155,155,63643
train,440,50,51200,125,125,51325
train,441,27,27648,57,57,27705
train,442,65,66560,152,152,66712
train,443,76,77824,199,199,78023
train,444,33,33792,72,72,33864
train,445,67,68608,159,159,68767
train,446,49,50176,109,109,50285
train,447,48,49152,108,108,49260
train,448,21,21504,44,44,21548
train,449,107,109568,274,274,109842
train,450,81,82944,177,177,83121
train,451,21,21504,45,45,21549
train,452,22,22528,45,45,22573
train,453,63,64512,152,152,64664
train,454,81,82944,197,197,83141
train,455,100,102400,257,257,102657
train,456,106,108544,260,260,108804
train,457,81,82944,194,194,83138
train,458,18,18432,35,35,18467
train,459,59,60416,132,132,60548
train,460,80,81920,183,183,82103
train,461,37,37888,90,90,37978
train,462,46,47104,105,105,47209
train,463,11,11264,22,22,11286
train,464,24,24576,50,50,24626
train,465,50,51200,117,117,51317
train,466,29,29696,65,65,29761
train,467,12,12288,24,24,12312
train,468,65,66560,145,145,66705
train,469,269,275456,775,775,276231
train,470,68,69632,154,154,69786
train,471,21,21504,45,45,21549
train,472,226,231424,590,590,232014
train,473,112,114688,257,257,114945
train,474,41,41984,91,91,42075
train,475,122,124928,303,303,125231
train,476,156,159744,414,414,160158
train,477,30,30720,70,70,30790
train,478,34,34816,78,78,34894
train,479,31,31744,74,74,31818
train,480,188,192512,535,535,193047
train,481,149,152576,399,399,152975
train,482,27,27648,55,55,27703
train,483,89,91136,213,213,91349
train,484,67,68608,152,152,68760
train,485,123,125952,306,306,126258
train,486,81,82944,186,186,83130
train,487,45,46080,96,96,46176
train,488,38,38912,83,83,38995
train,489,16,16384,31,31,16415
train,490,225,230400,613,613,231013
train,491,34,34816,69,69,34885
train,492,37,37888,81,81,37969
train,493,91,93184,241,241,93425
train,494,44,45056,92,92,45148
train,495,61,62464,149,149,62613
train,496,70,71680,157,157,71837
train,497,17,17408,33,33,17441
train,498,92,94208,235,235,94443
train,499,68,69632,149,149,69781
train,500,365,373760,1031,1031,374791
train,501,80,81920,184,184,82104
train,502,39,39936,98,98,40034
train,503,69,70656,158,158,70814
train,504,12,12288,23,23,12311
train,505,150,153600,403,403,154003
train,506,81,82944,200,200,83144
train,507,36,36864,80,80,36944
train,508,23,23552,46,46,23598
train,509,43,44032,104,104,44136
train,510,55,56320,126,126,56446
train,511,47,48128,108,108,48236
train,512,73,74752,177,177,74929
train,513,101,103424,241,241,103665
train,514,18,18432,40,40,18472
train,515,24,24576,53,53,24629
train,516,33,33792,77,77,33869
train,517,24,24576,48,48,24624
train,518,44,45056,95,95,45151
train,519,27,27648,68,68,27716
train,520,53,54272,114,114,54386
train,521,34,34816,70,70,34886
train,522,83,84992,195,195,85187
train,523,140,143360,362,362,143722
train,524,64,65536,142,142,65678
train,525,24,24576,53,53,24629
train,526,22,22528,45,45,22573
train,527,43,44032,104,104,44136
train,528,76,77824,177,177,78001
train,529,18,18432,35,35,18467
train,530,44,45056,103,103,45159
train,531,41,41984,96,96,42080
train,532,25,25600,50,50,25650
train,533,12,12288,24,24,12312
train,534,51,52224,124,124,52348
train,535,287,293888,833,833,294721
train,536,96,98304,224,224,98528
train,537,67,68608,156,156,68764
train,538,46,47104,108,108,47212
train,539,45,46080,104,104,46184
train,540,80,81920,196,196,82116
train,541,51,52224,124,124,52348
train,542,303,310272,887,887,311159
train,543,97,99328,280,280,99608
train,544,178,182272,448,448,182720
train,545,27,27648,62,62,27710
train,546,45,46080,95,95,46175
train,547,42,43008,100,100,43108
train,548,71,72704,159,159,72863
train,549,229,234496,607,607,235103
train,550,31,31744,66,66,31810
train,551,271,277504,749,749,278253
train,552,48,49152,103,103,49255
train,553,126,129024,314,314,129338
train,554,64,65536,152,152,65688
train,555,113,115712,287,287,115999
train,556,76,77824,188,188,78012
train,557,119,121856,298,298,122154
train,558,51,52224,112,112,52336
train,559,325,332800,928,928,333728
train,560,34,34816,76,76,34892
train,561,36,36864,87,87,36951
train,562,183,187392,464,464,187856
train,563,57,58368,133,133,58501
train,564,48,49152,108,108,49260
train,565,72,73728,168,168,73896
train,566,51,52224,122,122,52346
train,567,128,131072,322,322,131394
train,568,46,47104,114,114,47218
train,569,75,76800,180,180,76980
train,570,21,21504,47,47,21551
train,571,21,21504,49,49,21553
train,572,40,40960,96,96,41056
train,573,13,13312,26,26,13338
train,574,65,66560,152,152,66712
train,575,35,35840,71,71,35911
train,576,11,11264,21,21,11285
train,577,27,27648,56,56,27704
train,578,33,33792,78,78,33870
train,579,47,48128,113,113,48241
train,580,38,38912,85,85,38997
train,581,31,31744,65,65,31809
train,582,65,66560,145,145,66705
train,583,19,19456,40,40,19496
train,584,15,15360,30,30,15390
train,585,70,71680,180,180,71860
train,586,31,31744,71,71,31815
train,587,24,24576,55,55,24631
train,588,58,59392,146,146,59538
train,589,129,132096,316,316,132412
train,590,49,50176,117,117,50293
train,591,48,49152,111,111,49263
train,592,80,81920,181,181,82101
train,593,110,112640,305,305,112945
train,594,19,19456,37,37,19493
train,595,13,13312,27,27,13339
train,596,59,60416,138,138,60554
train,597,60,61440,133,133,61573
train,598,25,25600,56,56,25656
train,599,65,66560,156,156,66716
train,600,37,37888,80,80,37968
train,601,18,18432,36,36,18468
train,602,9,9216,18,18,9234
train,603,147,150528,409,409,150937
train,604,190,194560,509,509,195069
train,605,90,92160,210,210,92370
train,606,30,30720,68,68,30788
train,607,63,64512,135,135,64647
train,608,20,20480,41,41,20521
train,609,106,108544,302,302,108846
train,610,27,27648,62,62,27710
train,611,24,24576,57,57,24633
train,612,46,47104,114,114,47218
train,613,38,38912,83,83,38995
train,614,19,19456,38,38,19494
train,615,65,66560,154,154,66714
train,616,74,75776,187,187,75963
train,617,79,80896,210,210,81106
train,618,22,22528,48,48,22576
train,619,51,52224,109,109,52333
train,620,23,23552,48,48,23600
train,621,25,25600,57,57,25657
train,622,49,50176,106,106,50282
train,623,45,46080,107,107,46187
train,624,69,70656,153,153,70809
train,625,62,63488,140,140,63628
train,626,53,54272,123,123,54395
train,627,23,23552,51,51,23603
train,628,45,46080,109,109,46189
train,629,54,55296,124,124,55420
train,630,46,47104,109,109,47213
train,631,42,43008,93,93,43101
train,632,53,54272,120,120,54392
train,633,39,39936,89,89,40025
train,634,24,24576,48,48,24624
train,635,81,82944,192,192,83136
train,636,30,30720,65,65,30785
train,637,96,98304,259,259,98563
train,638,84,86016,190,190,86206
train,639,26,26624,53,53,26677
train,640,116,118784,277,277,119061
train,641,22,22528,48,48,22576
train,642,23,23552,46,46,23598
train,643,25,25600,56,56,25656
train,644,28,28672,66,66,28738
train,645,13,13312,25,25,13337
train,646,258,264192,725,725,264917
train,647,53,54272,121,121,54393
train,648,18,18432,40,40,18472
train,649,52,53248,121,121,53369
train,650,30,30720,66,66,30786
train,651,37,37888,78,78,37966
train,652,23,23552,46,46,23598
train,653,63,64512,152,152,64664
train,654,36,36864,79,79,36943
train,655,25,25600,57,57,25657
train,656,20,20480,41,41,20521
train,657,17,17408,37,37,17445
train,658,47,48128,104,104,48232
train,659,73,74752,169,169,74921
train,660,28,28672,62,62,28734
train,661,51,52224,109,109,52333
train,662,45,46080,106,106,46186
train,663,24,24576,48,48,24624
train,664,76,77824,183,183,78007
train,665,194,198656,506,506,199162
train,666,132,135168,406,406,135574
train,667,29,29696,67,67,29763
train,668,23,23552,46,46,23598
train,669,69,70656,157,157,70813
train,670,27,27648,59,59,27707
train,671,58,59392,140,140,59532
train,672,81,82944,203,203,83147
train,673,79,80896,183,183,81079
train,674,14,14336,27,27,14363
train,675,55,56320,129,129,56449
train,676,264,270336,697,697,271033
train,677,60,61440,139,139,61579
train,678,20,20480,43,43,20523
train,679,25,25600,59,59,25659
train,680,46,47104,100,100,47204
train,681,22,22528,48,48,22576
train,682,46,47104,102,102,47206
train,683,24,24576,49,49,24625
train,684,64,65536,148,148,65684
train,685,16,16384,31,31,16415
train,686,30,30720,69,69,30789
train,687,44,45056,93,93,45149
train,688,17,17408,34,34,17442
train,689,227,232448,594,594,233042
train,690,33,33792,79,79,33871
train,691,47,48128,106,106,48234
train,692,49,50176,109,109,50285
train,693,124,126976,308,308,127284
train,694,25,25600,61,61,25661
train,695,110,112640,270,270,112910
train,696,116,118784,285,285,119069
train,697,48,49152,99,99,49251
train,698,20,20480,44,44,20524
train,699,75,76800,187,187,76987
train,700,16,16384,31,31,16415
train,701,39,39936,91,91,40027
train,702,35,35840,74,74,35914
train,703,50,51200,107,107,51307
train,704,39,39936,86,86,40022
train,705,204,208896,574,574,209470
train,706,20,20480,43,43,20523
train,707,170,174080,452,452,174532
train,708,81,82944,185,185,83129
train,709,12,12288,24,24,12312
train,710,353,361472,1023,1023,362495
train,711,30,30720,65,65,30785
train,712,291,297984,884,884,298868
train,713,23,23552,52,52,23604
train,714,49,50176,127,127,50303
train,715,62,63488,144,144,63632
train,716,13,13312,25,25,13337
train,717,59,60416,137,137,60553
train,718,69,70656,165,165,70821
train,719,81,82944,195,195,83139
train,720,50,51200,112,112,51312
train,721,27,27648,60,60,27708
train,722,25,25600,60,60,25660
train,723,42,43008,86,86,43094
train,724,41,41984,97,97,42081
train,725,36,36864,82,82,36946
train,726,23,23552,50,50,23602
train,727,141,144384,364,364,144748
train,728,36,36864,79,79,36943
train,729,22,22528,46,46,22574
train,730,62,63488,146,146,63634
train,731,64,65536,156,156,65692
train,732,226,231424,662,662,232086
train,733,29,29696,60,60,29756
train,734,58,59392,133,133,59525
train,735,23,23552,51,51,23603
train,736,174,178176,483,483,178659
train,737,71,72704,174,174,72878
train,738,59,60416,135,135,60551
train,739,128,131072,313,313,131385
train,740,66,67584,147,147,67731
train,741,37,37888,92,92,37980
train,742,60,61440,154,154,61594
train,743,78,79872,205,205,80077
train,744,54,55296,119,119,55415
train,745,117,119808,308,308,120116
train,746,51,52224,117,117,52341
train,747,195,199680,480,480,200160
train,748,31,31744,70,70,31814
train,749,69,70656,161,161,70817
train,750,64,65536,144,144,65680
train,751,50,51200,116,116,51316
train,752,199,203776,499,499,204275
train,753,42,43008,89,89,43097
train,754,54,55296,129,129,55425
train,755,15,15360,30,30,15390
train,756,32,32768,78,78,32846
train,757,74,75776,180,180,75956
train,758,58,59392,131,131,59523
train,759,108,110592,276,276,110868
train,760,51,52224,122,122,52346
train,761,142,145408,344,344,145752
train,762,77,78848,176,176,79024
train,763,39,39936,86,86,40022
train,764,33,33792,75,75,33867
train,765,19,19456,42,42,19498
train,766,329,336896,875,875,337771
train,767,28,28672,66,66,28738
train,768,51,52224,107,107,52331
train,769,116,118784,311,311,119095
train,770,70,71680,170,170,71850
train,771,47,48128,104,104,48232
train,772,243,248832,638,638,249470
train,773,150,153600,377,377,153977
train,774,68,69632,160,160,69792
train,775,68,69632,164,164,69796
train,776,89,91136,222,222,91358
train,777,20,20480,43,43,20523
train,778,8,8192,15,15,8207
train,779,11,11264,22,22,11286
train,780,70,71680,173,173,71853
train,781,56,57344,138,138,57482
train,782,66,67584,150,150,67734
train,783,67,68608,152,152,68760
train,784,22,22528,48,48,22576
train,785,28,28672,64,64,28736
train,786,75,76800,176,176,76976
train,787,79,80896,175,175,81071
train,788,45,46080,101,101,46181
train,789,76,77824,186,186,78010
train,790,50,51200,116,116,51316
train,791,141,144384,346,346,144730
train,792,50,51200,112,112,51312
train,793,50,51200,125,125,51325
train,794,120,122880,305,305,123185
train,795,58,59392,130,130,59522
train,796,82,83968,188,188,84156
train,797,58,59392,139,139,59531
train,798,141,144384,336,336,144720
train,799,47,48128,105,105,48233
train,800,38,38912,86,86,38998
train,801,29,29696,65,65,29761
train,802,58,59392,139,139,59531
train,803,72,73728,169,169,73897
train,804,40,40960,87,87,41047
train,805,27,27648,56,56,27704
train,806,23,23552,47,47,23599
train,807,37,37888,85,85,37973
train,808,55,56320,123,123,56443
train,809,33,33792,75,75,33867
train,810,48,49152,115,115,49267
train,811,26,26624,60,60,26684
train,812,10,10240,20,20,10260
train,813,93,95232,219,219,95451
train,814,25,25600,50,50,25650
train,815,203,207872,523,523,208395
train,816,45,46080,101,101,46181
train,817,55,56320,126,126,56446
train,818,11,11264,21,21,11285
train,819,42,43008,88,88,43096
train,820,23,23552,47,47,23599
train,821,106,108544,253,253,108797
train,822,15,15360,30,30,15390
train,823,50,51200,117,117,51317
train,824,22,22528,45,45,22573
train,825,169,173056,448,448,173504
train,826,19,19456,41,41,19497
train,827,51,52224,112,112,52336
train,828,26,26624,63,63,26687
train,829,24,24576,54,54,24630
train,830,27,27648,59,59,27707
train,831,26,26624,53,53,26677
train,832,41,41984,95,95,42079
train,833,82,83968,187,187,84155
train,834,148,151552,375,375,151927
train,835,78,79872,183,183,80055
train,836,27,27648,57,57,27705
train,837,32,32768,74,74,32842
train,838,20,20480,43,43,20523
train,839,75,76800,186,186,76986
train,840,325,332800,916,916,333716
train,841,90,92160,220,220,92380
train,842,51,52224,120,120,52344
train,843,19,19456,37,37,19493
train,844,24,24576,53,53,24629
train,845,321,328704,947,947,329651
train,846,24,24576,48,48,24624
train,847,353,361472,1073,1073,362545
train,848,40,40960,99,99,41059
train,849,114,116736,289,289,117025
train,850,50,51200,109,109,51309
train,851,21,21504,44,44,21548
train,852,29,29696,78,78,29774
train,853,126,129024,302,302,129326
train,854,42,43008,105,105,43113
train,855,15,15360,29,29,15389
train,856,48,49152,102,102,49254
train,857,282,288768,761,761,289529
train,858,150,153600,393,393,153993
train,859,29,29696,62,62,29758
train,860,52,53248,118,118,53366
train,861,45,46080,105,105,46185
train,862,28,28672,57,57,28729
train,863,20,20480,44,44,20524
train,864,65,66560,154,154,66714
train,865,79,80896,193,193,81089
train,866,13,13312,25,25,13337
train,867,35,35840,77,77,35917
train,868,42,43008,99,99,43107
train,869,41,41984,97,97,42081
train,870,63,64512,153,153,64665
train,871,123,125952,310,310,126262
train,872,20,20480,39,39,20519
train,873,26,26624,55,55,26679
train,874,28,28672,58,58,28730
train,875,28,28672,64,64,28736
train,876,39,39936,87,87,40023
train,877,24,24576,49,49,24625
train,878,38,38912,91,91,39003
train,879,188,192512,515,515,193027
train,880,11,11264,21,21,11285
train,881,127,130048,323,323,130371
train,882,23,23552,48,48,23600
train,883,22,22528,46,46,22574
train,884,70,71680,169,169,71849
train,885,33,33792,80,80,33872
train,886,77,78848,189,189,79037
train,887,22,22528,53,53,22581
train,888,85,87040,193,193,87233
train,889,48,49152,114,114,49266
train,890,27,27648,64,64,27712
train,891,54,55296,123,123,55419
train,892,49,50176,102,102,50278
train,893,126,129024,331,331,129355
train,894,91,93184,232,232,93416
train,895,121,123904,323,323,124227
train,896,128,131072,333,333,131405
train,897,35,35840,86,86,35926
train,898,39,39936,83,83,40019
train,899,62,63488,136,136,63624
train,900,132,135168,327,327,135495
train,901,41,41984,90,90,42074
train,902,131,134144,319,319,134463
train,903,65,66560,146,146,66706
train,904,145,148480,356,356,148836
train,905,299,306176,840,840,307016
train,906,81,82944,193,193,83137
train,907,191,195584,510,510,196094
train,908,52,53248,127,127,53375
train,909,43,44032,95,95,44127
train,910,138,141312,342,342,141654
train,911,46,47104,119,119,47223
train,912,36,36864,82,82,36946
train,913,28,28672,64,64,28736
train,914,68,69632,171,171,69803
train,915,52,53248,132,132,53380
train,916,61,62464,136,136,62600
train,917,49,50176,115,115,50291
train,918,161,164864,430,430,165294
train,919,155,158720,422,422,159142
train,920,13,13312,26,26,13338
train,921,30,30720,67,67,30787
train,922,82,83968,187,187,84155
train,923,61,62464,145,145,62609
train,924,218,223232,585,585,223817
train,925,64,65536,156,156,65692
train,926,46,47104,97,97,47201
train,927,23,23552,48,48,23600
train,928,268,274432,734,734,275166
train,929,50,51200,118,118,51318
train,930,26,26624,53,53,26677
train,931,49,50176,122,122,50298
train,932,135,138240,344,344,138584
train,933,59,60416,145,145,60561
train,934,72,73728,178,178,73906
train,935,69,70656,162,162,70818
train,936,68,69632,156,156,69788
train,937,11,11264,22,22,11286
train,938,23,23552,46,46,23598
train,939,39,39936,87,87,40023
train,940,21,21504,47,47,21551
train,941,24,24576,48,48,24624
train,942,79,80896,189,189,81085
train,943,28,28672,66,66,28738
train,944,186,190464,494,494,190958
train,945,100,102400,250,250,102650
train,946,28,28672,58,58,28730
train,947,15,15360,29,29,15389
train,948,112,114688,257,257,114945
train,949,69,70656,165,165,70821
train,950,53,54272,113,113,54385
train,951,46,47104,105,105,47209
train,952,14,14336,28,28,14364
train,953,54,55296,137,137,55433
train,954,25,25600,50,50,25650
train,955,20,20480,40,40,20520
train,956,39,39936,93,93,40029
train,957,18,18432,35,35,18467
train,958,79,80896,184,184,81080
train,959,23,23552,47,47,23599
train,960,74,75776,170,170,75946
train,961,63,64512,145,145,64657
train,962,23,23552,56,56,23608
train,963,28,28672,63,63,28735
train,964,97,99328,260,260,99588
train,965,73,74752,166,166,74918
train,966,61,62464,152,152,62616
train,967,17,17408,37,37,17445
train,968,25,25600,56,56,25656
train,969,26,26624,55,55,26679
train,970,156,159744,412,412,160156
train,971,17,17408,37,37,17445
train,972,27,27648,62,62,27710
train,973,63,64512,149,149,64661
train,974,21,21504,46,46,21550
train,975,56,57344,128,128,57472
train,976,60,61440,140,140,61580
train,977,11,11264,22,22,11286
train,978,74,75776,173,173,75949
train,979,42,43008,92,92,43100
train,980,17,17408,33,33,17441
train,981,38,38912,84,84,38996
train,982,22,22528,45,45,22573
train,983,17,17408,33,33,17441
train,984,23,23552,54,54,23606
train,985,146,149504,399,399,149903
train,986,49,50176,109,109,50285
train,987,163,166912,450,450,167362
train,988,98,100352,262,262,100614
train,989,145,148480,375,375,148855
train,990,25,25600,51,51,25651
train,991,40,40960,89,89,41049
train,992,52,53248,117,117,53365
train,993,52,53248,114,114,53362
train,994,114,116736,287,287,117023
train,995,22,22528,45,45,22573
train,996,28,28672,64,64,28736
train,997,13,13312,26,26,13338
train,998,22,22528,47,47,22575
train,999,23,23552,52,52,23604
train,1000,44,45056,95,95,45151
train,1001,82,83968,192,192,84160
train,1002,74,75776,170,170,75946
train,1003,122,124928,292,292,125220
train,1004,82,83968,206,206,84174
train,1005,55,56320,128,128,56448
train,1006,109,111616,265,265,111881
train,1007,53,54272,118,118,54390
train,1008,16,16384,31,31,16415
train,1009,79,80896,185,185,81081
train,1010,41,41984,99,99,42083
train,1011,205,209920,577,577,210497
train,1012,277,283648,762,762,284410
train,1013,71,72704,178,178,72882
train,1014,69,70656,154,154,70810
train,1015,23,23552,50,50,23602
train,1016,41,41984,101,101,42085
train,1017,91,93184,207,207,93391
train,1018,13,13312,26,26,13338
train,1019,28,28672,63,63,28735
train,1020,109,111616,267,267,111883
train,1021,308,315392,869,869,316261
train,1022,15,15360,33,33,15393
train,1023,190,194560,505,505,195065
train,1024,10,10240,19,19,10259
train,1025,25,25600,58,58,25658
train,1026,81,82944,193,193,83137
train,1027,51,52224,114,114,52338
train,1028,48,49152,110,110,49262
train,1029,66,67584,164,164,67748
train,1030,39,39936,84,84,40020
train,1031,23,23552,46,46,23598
train,1032,104,106496,255,255,106751
train,1033,23,23552,53,53,23605
train,1034,59,60416,133,133,60549
train,1035,35,35840,74,74,35914
train,1036,74,75776,177,177,75953
train,1037,27,27648,57,57,27705
train,1038,129,132096,326,326,132422
train,1039,66,67584,154,154,67738
train,1040,16,16384,32,32,16416
train,1041,19,19456,37,37,19493
train,1042,54,55296,123,123,55419
train,1043,26,26624,63,63,26687
train,1044,60,61440,151,151,61591
train,1045,90,92160,201,201,92361
train,1046,27,27648,61,61,27709
train,1047,76,77824,179,179,78003
train,1048,67,68608,161,161,68769
train,1049,25,25600,52,52,25652
train,1050,76,77824,178,178,78002
train,1051,115,117760,277,277,118037
train,1052,68,69632,158,158,69790
train,1053,64,65536,160,160,65696
train,1054,31,31744,71,71,31815
train,1055,51,52224,115,115,52339
train,1056,69,70656,174,174,70830
train,1057,59,60416,127,127,60543
train,1058,80,81920,191,191,82111
train,1059,24,24576,57,57,24633
train,1060,24,24576,47,47,24623
train,1061,61,62464,147,147,62611
train,1062,46,47104,106,106,47210
train,1063,85,87040,205,205,87245
train,1064,145,148480,398,398,148878
train,1065,23,23552,48,48,23600
train,1066,23,23552,46,46,23598
train,1067,270,276480,741,741,277221
train,1068,99,101376,267,267,101643
train,1069,44,45056,101,101,45157
train,1070,30,30720,62,62,30782
train,1071,23,23552,47,47,23599
train,1072,123,125952,313,313,126265
train,1073,51,52224,122,122,52346
train,1074,87,89088,204,204,89292
train,1075,149,152576,401,401,152977
train,1076,11,11264,21,21,11285
train,1077,31,31744,68,68,31812
train,1078,19,19456,42,42,19498
train,1079,11,11264,21,21,11285
train,1080,21,21504,46,46,21550
train,1081,18,18432,38,38,18470
train,1082,44,45056,104,104,45160
train,1083,58,59392,129,129,59521
train,1084,210,215040,536,536,215576
train,1085,39,39936,91,91,40027
train,1086,159,162816,422,422,163238
train,1087,36,36864,78,78,36942
train,1088,23,23552,50,50,23602
train,1089,144,147456,357,357,147813
train,1090,43,44032,88,88,44120
train,1091,21,21504,43,43,21547
train,1092,75,76800,179,179,76979
train,1093,23,23552,52,52,23604
train,1094,46,47104,104,104,47208
train,1095,132,135168,330,330,135498
train,1096,17,17408,34,34,17442
train,1097,39,39936,91,91,40027
train,1098,21,21504,47,47,21551
train,1099,22,22528,45,45,22573
train,1100,26,26624,57,57,26681
train,1101,34,34816,73,73,34889
train,1102,20,20480,41,41,20521
train,1103,15,15360,29,29,15389
train,1104,82,83968,189,189,84157
train,1105,25,25600,50,50,25650
train,1106,105,107520,246,246,107766
train,1107,38,38912,88,88,39000
train,1108,84,86016,222,222,86238
train,1109,44,45056,101,101,45157
train,1110,20,20480,47,47,20527
train,1111,24,24576,53,53,24629
train,1112,62,63488,138,138,63626
train,1113,41,41984,103,103,42087
train,1114,20,20480,42,42,20522
train,1115,134,137216,367,367,137583
train,1116,363,371712,1030,1030,372742
train,1117,17,17408,33,33,17441
train,1118,68,69632,169,169,69801
train,1119,58,59392,136,136,59528
train,1120,51,52224,127,127,52351
train,1121,37,37888,79,79,37967
train,1122,130,133120,359,359,133479
train,1123,29,29696,68,68,29764
train,1124,267,273408,810,810,274218
train,1125,46,47104,116,116,47220
train,1126,22,22528,48,48,22576
train,1127,38,38912,87,87,38999
train,1128,76,77824,181,181,78005
train,1129,81,82944,192,192,83136
train,1130,151,154624,397,397,155021
train,1131,22,22528,44,44,22572
train,1132,32,32768,70,70,32838
train,1133,14,14336,28,28,14364
train,1134,47,48128,108,108,48236
train,1135,25,25600,59,59,25659
train,1136,66,67584,165,165,67749
train,1137,22,22528,48,48,22576
train,1138,24,24576,50,50,24626
train,1139,17,17408,38,38,17446
train,1140,25,25600,50,50,25650
train,1141,30,30720,67,67,30787
train,1142,253,259072,729,729,259801
train,1143,9,9216,18,18,9234
train,1144,153,156672,396,396,157068
train,1145,99,101376,260,260,101636
train,1146,115,117760,286,286,118046
train,1147,73,74752,165,165,74917
train,1148,53,54272,115,115,54387
train,1149,39,39936,85,85,40021
train,1150,20,20480,39,39,20519
train,1151,74,75776,182,182,75958
train,1152,62,63488,168,168,63656
train,1153,153,156672,413,413,157085
train,1154,73,74752,177,177,74929
train,1155,74,75776,183,183,75959
train,1156,54,55296,139,139,55435
train,1157,19,19456,41,41,19497
train,1158,49,50176,109,109,50285
train,1159,71,72704,164,164,72868
train,1160,60,61440,129,129,61569
train,1161,23,23552,54,54,23606
train,1162,170,174080,459,459,174539
train,1163,24,24576,55,55,24631
train,1164,51,52224,122,122,52346
train,1165,70,71680,164,164,71844
train,1166,66,67584,157,157,67741
train,1167,22,22528,48,48,22576
train,1168,24,24576,50,50,24626
train,1169,27,27648,57,57,27705
train,1170,34,34816,78,78,34894
train,1171,96,98304,232,232,98536
train,1172,58,59392,129,129,59521
train,1173,96,98304,226,226,98530
train,1174,34,34816,70,70,34886
train,1175,67,68608,149,149,68757
train,1176,31,31744,70,70,31814
train,1177,54,55296,126,126,55422
train,1178,74,75776,173,173,75949
train,1179,26,26624,62,62,26686
train,1180,350,358400,948,948,359348
train,1181,19,19456,44,44,19500
train,1182,43,44032,104,104,44136
train,1183,21,21504,49,49,21553
train,1184,173,177152,456,456,177608
train,1185,51,52224,121,121,52345
train,1186,55,56320,126,126,56446
train,1187,19,19456,39,39,19495
train,1188,25,25600,58,58,25658
train,1189,175,179200,441,441,179641
train,1190,177,181248,520,520,181768
train,1191,87,89088,210,210,89298
train,1192,12,12288,23,23,12311
train,1193,70,71680,159,159,71839
train,1194,54,55296,125,125,55421
train,1195,11,11264,22,22,11286
train,1196,115,117760,286,286,118046
train,1197,18,18432,35,35,18467
train,1198,21,21504,42,42,21546
train,1199,73,74752,175,175,74927
train,1200,39,39936,98,98,40034
train,1201,45,46080,103,103,46183
train,1202,60,61440,148,148,61588
train,1203,81,82944,182,182,83126
train,1204,57,58368,136,136,58504
train,1205,198,202752,523,523,203275
train,1206,279,285696,754,754,286450
train,1207,38,38912,82,82,38994
train,1208,249,254976,675,675,255651
train,1209,59,60416,136,136,60552
train,1210,75,76800,174,174,76974
train,1211,29,29696,68,68,29764
train,1212,48,49152,108,108,49260
train,1213,71,72704,173,173,72877
train,1214,91,93184,215,215,93399
train,1215,12,12288,24,24,12312
train,1216,165,168960,407,407,169367
train,1217,23,23552,52,52,23604
train,1218,14,14336,27,27,14363
train,1219,14,14336,27,27,14363
train,1220,68,69632,176,176,69808
train,1221,64,65536,154,154,65690
train,1222,124,126976,317,317,127293
train,1223,141,144384,365,365,144749
train,1224,142,145408,354,354,145762
train,1225,24,24576,56,56,24632
train,1226,39,39936,90,90,40026
train,1227,140,143360,373,373,143733
train,1228,75,76800,177,177,76977
train,1229,159,162816,420,420,163236
train,1230,29,29696,62,62,29758
train,1231,146,149504,409,409,149913
train,1232,127,130048,320,320,130368
train,1233,13,13312,25,25,13337
train,1234,25,25600,56,56,25656
train,1235,60,61440,139,139,61579
train,1236,74,75776,192,192,75968
train,1237,15,15360,29,29,15389
train,1238,73,74752,174,174,74926
train,1239,24,24576,49,49,24625
train,1240,174,178176,479,479,178655
train,1241,67,68608,165,165,68773
train,1242,34,34816,76,76,34892
train,1243,59,60416,138,138,60554
train,1244,48,49152,112,112,49264
train,1245,152,155648,364,364,156012
train,1246,67,68608,167,167,68775
train,1247,60,61440,140,140,61580
train,1248,368,376832,1044,1044,377876
train,1249,91,93184,220,220,93404
train,1250,93,95232,231,231,95463
train,1251,25,25600,50,50,25650
train,1252,58,59392,127,127,59519
train,1253,88,90112,219,219,90331
train,1254,24,24576,49,49,24625
train,1255,32,32768,75,75,32843
train,1256,94,96256,231,231,96487
train,1257,21,21504,43,43,21547
train,1258,40,40960,90,90,41050
train,1259,105,107520,269,269,107789
train,1260,22,22528,50,50,22578
train,1261,41,41984,93,93,42077
train,1262,128,131072,351,351,131423
train,1263,30,30720,61,61,30781
train,1264,24,24576,54,54,24630
train,1265,80,81920,179,179,82099
train,1266,39,39936,87,87,40023
train,1267,26,26624,62,62,26686
train,1268,35,35840,78,78,35918
train,1269,25,25600,56,56,25656
train,1270,51,52224,108,108,52332
train,1271,115,117760,268,268,118028
train,1272,39,39936,81,81,40017
train,1273,89,91136,207,207,91343
train,1274,61,62464,144,144,62608
train,1275,68,69632,172,172,69804
train,1276,20,20480,42,42,20522
train,1277,126,129024,292,292,129316
train,1278,166,169984,481,481,170465
train,1279,35,35840,82,82,35922
train,1280,78,79872,172,172,80044
train,1281,24,24576,59,59,24635
train,1282,17,17408,33,33,17441
train,1283,69,70656,156,156,70812
train,1284,29,29696,60,60,29756
train,1285,120,122880,295,295,123175
train,1286,37,37888,84,84,37972
train,1287,65,66560,181,181,66741
train,1288,211,216064,618,618,216682
train,1289,149,152576,386,386,152962
train,1290,34,34816,83,83,34899
train,1291,30,30720,68,68,30788
train,1292,25,25600,51,51,25651
train,1293,51,52224,128,128,52352
train,1294,38,38912,83,83,38995
train,1295,26,26624,59,59,26683
train,1296,84,86016,195,195,86211
train,1297,25,25600,51,51,25651
train,1298,26,26624,62,62,26686
train,1299,13,13312,25,25,13337
train,1300,31,31744,71,71,31815
train,1301,93,95232,232,232,95464
train,1302,26,26624,54,54,26678
train,1303,15,15360,33,33,15393
train,1304,23,23552,52,52,23604
train,1305,229,234496,585,585,235081
train,1306,43,44032,96,96,44128
train,1307,167,171008,457,457,171465
train,1308,40,40960,88,88,41048
train,1309,24,24576,49,49,24625
train,1310,26,26624,57,57,26681
train,1311,23,23552,46,46,23598
train,1312,389,398336,1067,1067,399403
train,1313,118,120832,324,324,121156
train,1314,21,21504,44,44,21548
train,1315,45,46080,103,103,46183
train,1316,47,48128,110,110,48238
train,1317,20,20480,40,40,20520
train,1318,76,77824,191,191,78015
train,1319,80,81920,209,209,82129
train,1320,135,138240,335,335,138575
train,1321,40,40960,90,90,41050
train,1322,26,26624,62,62,26686
train,1323,14,14336,27,27,14363
train,1324,71,72704,169,169,72873
train,1325,36,36864,77,77,36941
train,1326,73,74752,174,174,74926
train,1327,70,71680,167,167,71847
train,1328,26,26624,63,63,26687
train,1329,225,230400,678,678,231078
train,1330,134,137216,333,333,137549
train,1331,37,37888,88,88,37976
train,1332,155,158720,378,378,159098
train,1333,11,11264,21,21,11285
train,1334,107,109568,278,278,109846
train,1335,74,75776,169,169,75945
train,1336,11,11264,22,22,11286
train,1337,82,83968,215,215,84183
train,1338,31,31744,63,63,31807
train,1339,51,52224,110,110,52334
train,1340,51,52224,121,121,52345
train,1341,54,55296,124,124,55420
train,1342,98,100352,236,236,100588
train,1343,21,21504,48,48,21552
train,1344,53,54272,121,121,54393
train,1345,42,43008,94,94,43102
train,1346,41,41984,89,89,42073
train,1347,58,59392,138,138,59530
train,1348,27,27648,55,55,27703
train,1349,183,187392,517,517,187909
train,1350,105,107520,243,243,107763
train,1351,187,191488,477,477,191965
train,1352,51,52224,116,116,52340
train,1353,32,32768,73,73,32841
train,1354,22,22528,46,46,22574
train,1355,56,57344,142,142,57486
train,1356,31,31744,67,67,31811
train,1357,116,118784,284,284,119068
train,1358,35,35840,78,78,35918
train,1359,109,111616,279,279,111895
train,1360,30,30720,68,68,30788
train,1361,85,87040,199,199,87239
train,1362,52,53248,124,124,53372
train,1363,59,60416,138,138,60554
train,1364,125,128000,310,310,128310
train,1365,30,30720,71,71,30791
train,1366,79,80896,189,189,81085
train,1367,46,47104,104,104,47208
train,1368,188,192512,472,472,192984
train,1369,33,33792,75,75,33867
train,1370,29,29696,63,63,29759
train,1371,263,269312,758,758,270070
train,1372,162,165888,451,451,166339
train,1373,43,44032,107,107,44139
train,1374,26,26624,60,60,26684
train,1375,79,80896,182,182,81078
train,1376,72,73728,166,166,73894
train,1377,70,71680,165,165,71845
train,1378,57,58368,131,131,58499
train,1379,35,35840,75,75,35915
train,1380,48,49152,108,108,49260
train,1381,22,22528,44,44,22572
train,1382,29,29696,60,60,29756
train,1383,60,61440,126,126,61566
train,1384,11,11264,22,22,11286
train,1385,235,240640,637,637,241277
train,1386,66,67584,152,152,67736
train,1387,54,55296,126,126,55422
train,1388,24,24576,48,48,24624
train,1389,160,163840,426,426,164266
train,1390,21,21504,43,43,21547
train,1391,75,76800,168,168,76968
train,1392,70,71680,155,155,71835
train,1393,84,86016,212,212,86228
train,1394,45,46080,95,95,46175
train,1395,302,309248,812,812,310060
train,1396,22,22528,50,50,22578
train,1397,168,172032,436,436,172468
train,1398,18,18432,40,40,18472
train,1399,113,115712,281,281,115993
train,1400,57,58368,136,136,58504
train,1401,28,28672,59,59,28731
train,1402,160,163840,399,399,164239
train,1403,24,24576,48,48,24624
train,1404,14,14336,27,27,14363
train,1405,87,89088,191,191,89279
train,1406,52,53248,127,127,53375
train,1407,32,32768,67,67,32835
train,1408,31,31744,74,74,31818
train,1409,146,149504,358,358,149862
train,1410,34,34816,79,79,34895
train,1411,69,70656,168,168,70824
train,1412,161,164864,464,464,165328
train,1413,28,28672,60,60,28732
train,1414,386,395264,1130,1130,396394
train,1415,54,55296,124,124,55420
train,1416,117,119808,302,302,120110
train,1417,389,398336,1123,1123,399459
train,1418,24,24576,48,48,24624
train,1419,62,63488,144,144,63632
train,1420,31,31744,68,68,31812
train,1421,29,29696,68,68,29764
train,1422,88,90112,197,197,90309
train,1423,43,44032,100,100,44132
train,1424,30,30720,68,68,30788
train,1425,71,72704,169,169,72873
train,1426,124,126976,298,298,127274
train,1427,41,41984,93,93,42077
train,1428,119,121856,320,320,122176
train,1429,33,33792,80,80,33872
train,1430,24,24576,56,56,24632
train,1431,53,54272,125,125,54397
train,1432,75,76800,181,181,76981
train,1433,69,70656,165,165,70821
train,1434,39,39936,89,89,40025
train,1435,74,75776,171,171,75947
train,1436,85,87040,202,202,87242
train,1437,41,41984,91,91,42075
train,1438,22,22528,53,53,22581
train,1439,44,45056,108,108,45164
train,1440,342,350208,984,984,351192
train,1441,55,56320,125,125,56445
train,1442,166,169984,434,434,170418
train,1443,15,15360,30,30,15390
train,1444,37,37888,78,78,37966
train,1445,22,22528,51,51,22579
train,1446,69,70656,159,159,70815
train,1447,68,69632,158,158,69790
train,1448,26,26624,53,53,26677
train,1449,210,215040,566,566,215606
train,1450,90,92160,212,212,92372
train,1451,90,92160,220,220,92380
train,1452,71,72704,176,176,72880
train,1453,43,44032,96,96,44128
train,1454,26,26624,55,55,26679
train,1455,61,62464,154,154,62618
train,1456,59,60416,127,127,60543
train,1457,22,22528,53,53,22581
train,1458,106,108544,272,272,108816
train,1459,36,36864,76,76,36940
train,1460,33,33792,68,68,33860
train,1461,86,88064,211,211,88275
train,1462,37,37888,84,84,37972
train,1463,44,45056,94,94,45150
train,1464,80,81920,191,191,82111
train,1465,21,21504,42,42,21546
train,1466,45,46080,100,100,46180
train,1467,33,33792,69,69,33861
train,1468,151,154624,400,400,155024
train,1469,59,60416,130,130,60546
train,1470,47,48128,99,99,48227
train,1471,46,47104,107,107,47211
train,1472,76,77824,179,179,78003
train,1473,117,119808,291,291,120099
train,1474,40,40960,98,98,41058
train,1475,261,267264,789,789,268053
train,1476,27,27648,56,56,27704
train,1477,90,92160,219,219,92379
train,1478,27,27648,66,66,27714
train,1479,157,160768,383,383,161151
train,1480,36,36864,89,89,36953
train,1481,19,19456,39,39,19495
train,1482,116,118784,284,284,119068
train,1483,10,10240,19,19,10259
train,1484,268,274432,749,749,275181
train,1485,137,140288,338,338,140626
train,1486,8,8192,15,15,8207
train,1487,15,15360,29,29,15389
train,1488,34,34816,72,72,34888
train,1489,56,57344,126,126,57470
train,1490,39,39936,86,86,40022
train,1491,36,36864,75,75,36939
train,1492,81,82944,192,192,83136
train,1493,45,46080,100,100,46180
train,1494,47,48128,106,106,48234
train,1495,54,55296,122,122,55418
train,1496,32,32768,69,69,32837
train,1497,252,258048,670,670,258718
train,1498,61,62464,142,142,62606
train,1499,28,28672,62,62,28734
train,1500,71,72704,168,168,72872
train,1501,18,18432,35,35,18467
train,1502,32,32768,74,74,32842
train,1503,43,44032,91,91,44123
train,1504,108,110592,270,270,110862
train,1505,46,47104,106,106,47210
train,1506,65,66560,145,145,66705
train,1507,163,166912,409,409,167321
train,1508,25,25600,61,61,25661
train,1509,65,66560,154,154,66714
train,1510,315,322560,948,948,323508
train,1511,144,147456,353,353,147809
train,1512,72,73728,168,168,73896
train,1513,56,57344,118,118,57462
train,1514,23,23552,54,54,23606
train,1515,65,66560,152,152,66712
train,1516,40,40960,83,83,41043
train,1517,66,67584,156,156,67740
train,1518,248,253952,704,704,254656
train,1519,314,321536,813,813,322349
train,1520,23,23552,56,56,23608
train,1521,123,125952,320,320,126272
train,1522,254,260096,679,679,260775
train,1523,31,31744,69,69,31813
train,1524,104,106496,242,242,106738
train,1525,143,146432,387,387,146819
train,1526,25,25600,51,51,25651
train,1527,29,29696,62,62,29758
train,1528,68,69632,150,150,69782
train,1529,71,72704,168,168,72872
train,1530,101,103424,260,260,103684
train,1531,178,182272,437,437,182709
train,1532,83,84992,220,220,85212
train,1533,32,32768,74,74,32842
train,1534,71,72704,169,169,72873
train,1535,36,36864,81,81,36945
train,1536,40,40960,94,94,41054
train,1537,144,147456,369,369,147825
train,1538,20,20480,43,43,20523
train,1539,97,99328,243,243,99571
train,1540,20,20480,44,44,20524
train,1541,26,26624,61,61,26685
train,1542,12,12288,24,24,12312
train,1543,27,27648,66,66,27714
train,1544,134,137216,323,323,137539
train,1545,97,99328,253,253,99581
train,1546,24,24576,49,49,24625
train,1547,74,75776,184,184,75960
train,1548,28,28672,61,61,28733
train,1549,76,77824,171,171,77995
train,1550,13,13312,25,25,13337
train,1551,72,73728,167,167,73895
train,1552,34,34816,93,93,34909
train,1553,36,36864,89,89,36953
train,1554,71,72704,163,163,72867
train,1555,239,244736,626,626,245362
train,1556,33,33792,69,69,33861
train,1557,43,44032,98,98,44130
train,1558,38,38912,82,82,38994
train,1559,66,67584,158,158,67742
train,1560,61,62464,141,141,62605
train,1561,71,72704,166,166,72870
train,1562,22,22528,44,44,22572
train,1563,243,248832,672,672,249504
train,1564,11,11264,22,22,11286
train,1565,70,71680,166,166,71846
train,1566,170,174080,473,473,174553
train,1567,105,107520,260,260,107780
train,1568,17,17408,34,34,17442
train,1569,50,51200,113,113,51313
train,1570,28,28672,64,64,28736
train,1571,14,14336,28,28,14364
train,1572,113,115712,285,285,115997
train,1573,23,23552,53,53,23605
train,1574,82,83968,191,191,84159
train,1575,98,100352,219,219,100571
train,1576,39,39936,83,83,40019
train,1577,178,182272,461,461,182733
train,1578,156,159744,377,377,160121
train,1579,74,75776,172,172,75948
train,1580,69,70656,162,162,70818
train,1581,131,134144,312,312,134456
train,1582,14,14336,28,28,14364
train,1583,78,79872,182,182,80054
train,1584,38,38912,82,82,38994
train,1585,42,43008,92,92,43100
train,1586,64,65536,149,149,65685
train,1587,119,121856,308,308,122164
train,1588,76,77824,175,175,77999
train,1589,53,54272,130,130,54402
train,1590,30,30720,72,72,30792
train,1591,158,161792,408,408,162200
train,1592,75,76800,168,168,76968
train,1593,101,103424,256,256,103680
train,1594,12,12288,23,23,12311
train,1595,108,110592,267,267,110859
train,1596,40,40960,83,83,41043
train,1597,36,36864,79,79,36943
train,1598,47,48128,107,107,48235
train,1599,90,92160,224,224,92384
train,1600,75,76800,177,177,76977
train,1601,183,187392,474,474,187866
train,1602,103,105472,258,258,105730
train,1603,64,65536,155,155,65691
train,1604,21,21504,52,52,21556
train,1605,55,56320,130,130,56450
train,1606,172,176128,462,462,176590
train,1607,26,26624,60,60,26684
train,1608,25,25600,57,57,25657
train,1609,60,61440,136,136,61576
train,1610,48,49152,108,108,49260
train,1611,158,161792,391,391,162183
train,1612,53,54272,117,117,54389
train,1613,32,32768,69,69,32837
train,1614,68,69632,160,160,69792
train,1615,37,37888,90,90,37978
train,1616,28,28672,64,64,28736
train,1617,16,16384,32,32,16416
train,1618,20,20480,46,46,20526
train,1619,22,22528,45,45,22573
train,1620,75,76800,172,172,76972
train,1621,168,172032,463,463,172495
train,1622,25,25600,51,51,25651
train,1623,181,185344,455,455,185799
train,1624,16,16384,32,32,16416
train,1625,54,55296,137,137,55433
train,1626,47,48128,112,112,48240
train,1627,24,24576,54,54,24630
train,1628,145,148480,380,380,148860
train,1629,67,68608,170,170,68778
train,1630,13,13312,25,25,13337
train,1631,95,97280,220,220,97500
train,1632,43,44032,102,102,44134
train,1633,110,112640,278,278,112918
train,1634,40,40960,94,94,41054
train,1635,54,55296,128,128,55424
train,1636,34,34816,72,72,34888
train,1637,88,90112,208,208,90320
train,1638,20,20480,43,43,20523
train,1639,104,106496,247,247,106743
train,1640,69,70656,158,158,70814
train,1641,56,57344,142,142,57486
train,1642,76,77824,179,179,78003
train,1643,47,48128,120,120,48248
train,1644,70,71680,169,169,71849
train,1645,41,41984,96,96,42080
train,1646,14,14336,27,27,14363
train,1647,60,61440,134,134,61574
train,1648,30,30720,70,70,30790
train,1649,69,70656,168,168,70824
train,1650,58,59392,132,132,59524
train,1651,72,73728,175,175,73903
train,1652,25,25600,50,50,25650
train,1653,54,55296,135,135,55431
train,1654,55,56320,138,138,56458
train,1655,36,36864,89,89,36953
train,1656,298,305152,864,864,306016
train,1657,26,26624,59,59,26683
train,1658,83,84992,194,194,85186
train,1659,89,91136,221,221,91357
train,1660,205,209920,548,548,210468
train,1661,37,37888,77,77,37965
train,1662,78,79872,191,191,80063
train,1663,22,22528,44,44,22572
train,1664,57,58368,119,119,58487
train,1665,181,185344,490,490,185834
train,1666,22,22528,47,47,22575
train,1667,14,14336,28,28,14364
train,1668,86,88064,205,205,88269
train,1669,52,53248,117,117,53365
train,1670,76,77824,178,178,78002
train,1671,27,27648,64,64,27712
train,1672,30,30720,66,66,30786
train,1673,30,30720,70,70,30790
train,1674,273,279552,713,713,280265
train,1675,14,14336,29,29,14365
train,1676,84,86016,195,195,86211
train,1677,91,93184,212,212,93396
train,1678,241,246784,642,642,247426
train,1679,34,34816,75,75,34891
train,1680,56,57344,124,124,57468
train,1681,239,244736,625,625,245361
train,1682,26,26624,52,52,26676
train,1683,22,22528,44,44,22572
train,1684,67,68608,152,152,68760
train,1685,33,33792,70,70,33862
train,1686,25,25600,51,51,25651
train,1687,43,44032,101,101,44133
train,1688,69,70656,163,163,70819
train,1689,56,57344,132,132,57476
train,1690,81,82944,190,190,83134
train,1691,33,33792,78,78,33870
train,1692,63,64512,145,145,64657
train,1693,15,15360,30,30,15390
train,1694,74,75776,175,175,75951
train,1695,22,22528,50,50,22578
train,1696,38,38912,83,83,38995
train,1697,60,61440,145,145,61585
train,1698,23,23552,53,53,23605
train,1699,165,168960,434,434,169394
train,1700,135,138240,345,345,138585
train,1701,107,109568,280,280,109848
train,1702,84,86016,193,193,86209
train,1703,13,13312,25,25,13337
train,1704,21,21504,42,42,21546
train,1705,15,15360,29,29,15389
train,1706,23,23552,46,46,23598
train,1707,179,183296,469,469,183765
train,1708,12,12288,23,23,12311
train,1709,333,340992,969,969,341961
train,1710,46,47104,96,96,47200
train,1711,43,44032,99,99,44131
train,1712,44,45056,105,105,45161
train,1713,77,78848,177,177,79025
train,1714,87,89088,198,198,89286
train,1715,78,79872,181,181,80053
train,1716,97,99328,243,243,99571
train,1717,13,13312,26,26,13338
train,1718,115,117760,287,287,118047
train,1719,40,40960,89,89,41049
train,1720,16,16384,36,36,16420
train,1721,30,30720,62,62,30782
train,1722,108,110592,269,269,110861
train,1723,40,40960,92,92,41052
train,1724,165,168960,438,438,169398
train,1725,29,29696,59,59,29755
train,1726,129,132096,306,306,132402
train,1727,119,121856,295,295,122151
train,1728,48,49152,108,108,49260
train,1729,97,99328,237,237,99565
train,1730,36,36864,84,84,36948
train,1731,36,36864,90,90,36954
train,1732,51,52224,124,124,52348
train,1733,55,56320,136,136,56456
train,1734,21,21504,43,43,21547
train,1735,57,58368,125,125,58493
train,1736,108,110592,274,274,110866
train,1737,164,167936,429,429,168365
train,1738,17,17408,34,34,17442
train,1739,57,58368,132,132,58500
train,1740,35,35840,79,79,35919
train,1741,85,87040,194,194,87234
train,1742,72,73728,167,167,73895
train,1743,91,93184,214,214,93398
train,1744,183,187392,461,461,187853
train,1745,45,46080,102,102,46182
train,1746,82,83968,205,205,84173
train,1747,62,63488,139,139,63627
train,1748,70,71680,167,167,71847
train,1749,50,51200,115,115,51315
train,1750,96,98304,261,261,98565
train,1751,12,12288,23,23,12311
train,1752,60,61440,140,140,61580
train,1753,18,18432,39,39,18471
train,1754,83,84992,197,197,85189
train,1755,31,31744,71,71,31815
train,1756,30,30720,69,69,30789
train,1757,24,24576,53,53,24629
train,1758,126,129024,305,305,129329
train,1759,28,28672,56,56,28728
train,1760,73,74752,162,162,74914
train,1761,35,35840,78,78,35918
train,1762,33,33792,80,80,33872
train,1763,25,25600,59,59,25659
train,1764,45,46080,99,99,46179
train,1765,54,55296,119,119,55415
train,1766,22,22528,44,44,22572
train,1767,54,55296,118,118,55414
train,1768,98,100352,244,244,100596
train,1769,45,46080,100,100,46180
train,1770,155,158720,405,405,159125
train,1771,191,195584,537,537,196121
train,1772,23,23552,52,52,23604
train,1773,53,54272,120,120,54392
train,1774,153,156672,402,402,157074
train,1775,12,12288,24,24,12312
train,1776,18,18432,41,41,18473
train,1777,49,50176,109,109,50285
train,1778,43,44032,92,92,44124
train,1779,58,59392,137,137,59529
train,1780,78,79872,188,188,80060
train,1781,300,307200,863,863,308063
train,1782,64,65536,146,146,65682
train,1783,65,66560,153,153,66713
train,1784,34,34816,72,72,34888
train,1785,66,67584,148,148,67732
train,1786,44,45056,111,111,45167
train,1787,38,38912,88,88,39000
train,1788,25,25600,57,57,25657
train,1789,113,115712,288,288,116000
train,1790,232,237568,618,618,238186
train,1791,45,46080,104,104,46184
train,1792,97,99328,244,244,99572
train,1793,41,41984,89,89,42073
train,1794,70,71680,163,163,71843
train,1795,121,123904,321,321,124225
train,1796,76,77824,172,172,77996
train,1797,45,46080,101,101,46181
train,1798,119,121856,297,297,122153
train,1799,20,20480,44,44,20524
train,1800,154,157696,396,396,158092
train,1801,18,18432,40,40,18472
train,1802,81,82944,187,187,83131
train,1803,30,30720,64,64,30784
train,1804,91,93184,217,217,93401
train,1805,96,98304,234,234,98538
train,1806,21,21504,44,44,21548
train,1807,35,35840,78,78,35918
train,1808,54,55296,126,126,55422
train,1809,46,47104,105,105,47209
train,1810,77,78848,175,175,79023
train,1811,108,110592,280,280,110872
train,1812,59,60416,138,138,60554
train,1813,120,122880,290,290,123170
train,1814,14,14336,27,27,14363
train,1815,16,16384,31,31,16415
train,1816,65,66560,155,155,66715
train,1817,262,268288,658,658,268946
train,1818,179,183296,473,473,183769
train,1819,38,38912,96,96,39008
train,1820,96,98304,243,243,98547
train,1821,53,54272,122,122,54394
train,1822,76,77824,176,176,78000
train,1823,23,23552,46,46,23598
train,1824,107,109568,273,273,109841
train,1825,20,20480,44,44,20524
train,1826,16,16384,34,34,16418
train,1827,26,26624,62,62,26686
train,1828,46,47104,100,100,47204
train,1829,32,32768,64,64,32832
train,1830,84,86016,193,193,86209
train,1831,23,23552,49,49,23601
train,1832,29,29696,69,69,29765
train,1833,239,244736,689,689,245425
train,1834,125,128000,313,313,128313
train,1835,98,100352,248,248,100600
train,1836,71,72704,159,159,72863
train,1837,155,158720,419,419,159139
train,1838,43,44032,95,95,44127
train,1839,88,90112,209,209,90321
train,1840,246,251904,714,714,252618
train,1841,21,21504,45,45,21549
train,1842,195,199680,518,518,200198
train,1843,16,16384,31,31,16415
train,1844,43,44032,100,100,44132
train,1845,122,124928,297,297,125225
train,1846,22,22528,45,45,22573
train,1847,50,51200,118,118,51318
train,1848,76,77824,180,180,78004
train,1849,322,329728,949,949,330677
train,1850,114,116736,289,289,117025
train,1851,230,235520,671,671,236191
train,1852,362,370688,1067,1067,371755
train,1853,28,28672,57,57,28729
train,1854,50,51200,128,128,51328
train,1855,71,72704,169,169,72873
train,1856,44,45056,99,99,45155
train,1857,38,38912,80,80,38992
train,1858,23,23552,51,51,23603
train,1859,25,25600,53,53,25653
train,1860,55,56320,123,123,56443
train,1861,23,23552,48,48,23600
train,1862,47,48128,106,106,48234
train,1863,14,14336,28,28,14364
train,1864,16,16384,31,31,16415
train,1865,51,52224,116,116,52340
train,1866,35,35840,72,72,35912
train,1867,15,15360,29,29,15389
train,1868,48,49152,122,122,49274
train,1869,329,336896,962,962,337858
train,1870,20,20480,44,44,20524
train,1871,71,72704,163,163,72867
train,1872,58,59392,139,139,59531
train,1873,45,46080,106,106,46186
train,1874,14,14336,28,28,14364
train,1875,226,231424,597,597,232021
train,1876,24,24576,48,48,24624
train,1877,253,259072,667,667,259739
train,1878,154,157696,456,456,158152
train,1879,22,22528,45,45,22573
train,1880,82,83968,198,198,84166
train,1881,77,78848,187,187,79035
train,1882,70,71680,160,160,71840
train,1883,109,111616,271,271,111887
train,1884,17,17408,38,38,17446
train,1885,17,17408,33,33,17441
train,1886,51,52224,113,113,52337
train,1887,16,16384,31,31,16415
train,1888,19,19456,40,40,19496
train,1889,48,49152,112,112,49264
train,1890,86,88064,205,205,88269
train,1891,35,35840,78,78,35918
train,1892,82,83968,240,240,84208
train,1893,27,27648,61,61,27709
train,1894,20,20480,45,45,20525
train,1895,41,41984,92,92,42076
train,1896,24,24576,49,49,24625
train,1897,76,77824,174,174,77998
train,1898,55,56320,132,132,56452
train,1899,117,119808,290,290,120098
train,1900,44,45056,97,97,45153
train,1901,121,123904,290,290,124194
train,1902,89,91136,216,216,91352
train,1903,46,47104,112,112,47216
train,1904,19,19456,43,43,19499
train,1905,19,19456,38,38,19494
train,1906,58,59392,140,140,59532
train,1907,24,24576,52,52,24628
train,1908,26,26624,53,53,26677
train,1909,106,108544,250,250,108794
train,1910,45,46080,106,106,46186
train,1911,70,71680,155,155,71835
train,1912,38,38912,85,85,38997
train,1913,40,40960,89,89,41049
train,1914,49,50176,107,107,50283
train,1915,60,61440,145,145,61585
train,1916,72,73728,165,165,73893
train,1917,27,27648,58,58,27706
train,1918,29,29696,59,59,29755
train,1919,50,51200,106,106,51306
train,1920,117,119808,328,328,120136
train,1921,110,112640,283,283,112923
train,1922,25,25600,52,52,25652
train,1923,120,122880,294,294,123174
train,1924,163,166912,422,422,167334
train,1925,143,146432,344,344,146776
train,1926,31,31744,66,66,31810
train,1927,258,264192,679,679,264871
train,1928,32,32768,70,70,32838
train,1929,116,118784,283,283,119067
train,1930,107,109568,272,272,109840
train,1931,39,39936,99,99,40035
train,1932,87,89088,218,218,89306
train,1933,130,133120,329,329,133449
train,1934,72,73728,163,163,73891
train,1935,74,75776,189,189,75965
train,1936,27,27648,56,56,27704
train,1937,49,50176,110,110,50286
train,1938,83,84992,193,193,85185
train,1939,31,31744,70,70,31814
train,1940,85,87040,200,200,87240
train,1941,155,158720,393,393,159113
train,1942,71,72704,174,174,72878
train,1943,15,15360,29,29,15389
train,1944,28,28672,59,59,28731
train,1945,47,48128,101,101,48229
train,1946,55,56320,130,130,56450
train,1947,21,21504,41,41,21545
train,1948,25,25600,54,54,25654
train,1949,51,52224,119,119,52343
train,1950,53,54272,118,118,54390
train,1951,79,80896,182,182,81078
train,1952,21,21504,47,47,21551
train,1953,36,36864,78,78,36942
train,1954,17,17408,34,34,17442
train,1955,57,58368,137,137,58505
train,1956,196,200704,534,534,201238
train,1957,131,134144,325,325,134469
train,1958,183,187392,474,474,187866
train,1959,88,90112,208,208,90320
train,1960,24,24576,48,48,24624
train,1961,26,26624,64,64,26688
train,1962,106,108544,280,280,108824
train,1963,137,140288,349,349,140637
train,1964,54,55296,115,115,55411
train,1965,18,18432,36,36,18468
train,1966,34,34816,78,78,34894
train,1967,33,33792,74,74,33866
train,1968,83,84992,197,197,85189
train,1969,24,24576,57,57,24633
train,1970,21,21504,44,44,21548
train,1971,132,135168,332,332,135500
train,1972,73,74752,202,202,74954
train,1973,68,69632,160,160,69792
train,1974,190,194560,564,564,195124
train,1975,95,97280,238,238,97518
train,1976,40,40960,86,86,41046
train,1977,50,51200,111,111,51311
train,1978,39,39936,89,89,40025
train,1979,25,25600,51,51,25651
train,1980,72,73728,169,169,73897
train,1981,40,40960,85,85,41045
train,1982,24,24576,56,56,24632
train,1983,30,30720,72,72,30792
train,1984,12,12288,25,25,12313
train,1985,76,77824,180,180,78004
train,1986,24,24576,47,47,24623
train,1987,68,69632,156,156,69788
train,1988,20,20480,42,42,20522
train,1989,83,84992,194,194,85186
train,1990,24,24576,49,49,24625
train,1991,66,67584,168,168,67752
train,1992,84,86016,194,194,86210
train,1993,93,95232,222,222,95454
train,1994,48,49152,102,102,49254
train,1995,132,135168,332,332,135500
train,1996,157,160768,397,397,161165
train,1997,63,64512,132,132,64644
train,1998,37,37888,85,85,37973
train,1999,82,83968,216,216,84184
train,2000,13,13312,25,25,13337
train,2001,23,23552,52,52,23604
train,2002,83,84992,195,195,85187
train,2003,12,12288,24,24,12312
train,2004,116,118784,305,305,119089
train,2005,79,80896,187,187,81083
train,2006,77,78848,192,192,79040
train,2007,10,10240,19,19,10259
train,2008,80,81920,203,203,82123
train,2009,35,35840,76,76,35916
train,2010,62,63488,167,167,63655
train,2011,75,76800,169,169,76969
train,2012,112,114688,285,285,114973
train,2013,126,129024,311,311,129335
train,2014,48,49152,122,122,49274
train,2015,118,120832,303,303,121135
train,2016,35,35840,75,75,35915
train,2017,160,163840,396,396,164236
train,2018,53,54272,126,126,54398
train,2019,160,163840,415,415,164255
train,2020,24,24576,55,55,24631
train,2021,60,61440,143,143,61583
train,2022,26,26624,54,54,26678
train,2023,44,45056,105,105,45161
train,2024,51,52224,113,113,52337
train,2025,65,66560,161,161,66721
train,2026,26,26624,60,60,26684
train,2027,67,68608,155,155,68763
train,2028,22,22528,45,45,22573
train,2029,82,83968,193,193,84161
train,2030,127,130048,319,319,130367
train,2031,36,36864,81,81,36945
train,2032,25,25600,52,52,25652
train,2033,111,113664,269,269,113933
train,2034,166,169984,443,443,170427
train,2035,87,89088,212,212,89300
train,2036,18,18432,36,36,18468
train,2037,227,232448,587,587,233035
train,2038,80,81920,190,190,82110
train,2039,29,29696,65,65,29761
train,2040,117,119808,294,294,120102
train,2041,19,19456,37,37,19493
train,2042,45,46080,98,98,46178
train,2043,44,45056,100,100,45156
train,2044,52,53248,124,124,53372
train,2045,36,36864,91,91,36955
train,2046,61,62464,135,135,62599
train,2047,25,25600,53,53,25653
train,2048,75,76800,183,183,76983
train,2049,46,47104,104,104,47208
train,2050,17,17408,33,33,17441
train,2051,36,36864,87,87,36951
train,2052,37,37888,81,81,37969
train,2053,35,35840,84,84,35924
train,2054,58,59392,150,150,59542
train,2055,71,72704,161,161,72865
train,2056,25,25600,51,51,25651
train,2057,127,130048,329,329,130377
train,2058,11,11264,21,21,11285
train,2059,63,64512,147,147,64659
train,2060,101,103424,255,255,103679
train,2061,36,36864,81,81,36945
train,2062,40,40960,89,89,41049
train,2063,41,41984,98,98,42082
train,2064,72,73728,171,171,73899
train,2065,38,38912,82,82,38994
train,2066,51,52224,115,115,52339
train,2067,54,55296,124,124,55420
train,2068,55,56320,124,124,56444
train,2069,15,15360,30,30,15390
train,2070,24,24576,48,48,24624
train,2071,180,184320,451,451,184771
train,2072,51,52224,110,110,52334
train,2073,215,220160,595,595,220755
train,2074,357,365568,1022,1022,366590
train,2075,62,63488,140,140,63628
train,2076,68,69632,155,155,69787
train,2077,77,78848,188,188,79036
train,2078,56,57344,139,139,57483
train,2079,47,48128,107,107,48235
train,2080,35,35840,79,79,35919
train,2081,49,50176,110,110,50286
train,2082,19,19456,39,39,19495
train,2083,36,36864,83,83,36947
train,2084,173,177152,445,445,177597
train,2085,74,75776,187,187,75963
train,2086,14,14336,28,28,14364
train,2087,15,15360,30,30,15390
train,2088,71,72704,161,161,72865
train,2089,73,74752,161,161,74913
train,2090,189,193536,544,544,194080
train,2091,33,33792,73,73,33865
train,2092,35,35840,89,89,35929
train,2093,13,13312,25,25,13337
train,2094,115,117760,281,281,118041
train,2095,27,27648,65,65,27713
train,2096,36,36864,76,76,36940
train,2097,120,122880,308,308,123188
train,2098,21,21504,42,42,21546
train,2099,17,17408,36,36,17444
train,2100,11,11264,22,22,11286
train,2101,25,25600,54,54,25654
train,2102,60,61440,137,137,61577
train,2103,61,62464,134,134,62598
train,2104,60,61440,137,137,61577
train,2105,49,50176,111,111,50287
train,2106,39,39936,87,87,40023
train,2107,21,21504,43,43,21547
train,2108,67,68608,160,160,68768
train,2109,87,89088,205,205,89293
train,2110,42,43008,86,86,43094
train,2111,67,68608,157,157,68765
train,2112,46,47104,103,103,47207
train,2113,85,87040,202,202,87242
train,2114,170,174080,440,440,174520
train,2115,95,97280,228,228,97508
train,2116,21,21504,47,47,21551
train,2117,71,72704,166,166,72870
train,2118,75,76800,179,179,76979
train,2119,69,70656,165,165,70821
train,2120,56,57344,129,129,57473
train,2121,39,39936,91,91,40027
train,2122,53,54272,129,129,54401
train,2123,174,178176,439,439,178615
train,2124,182,186368,492,492,186860
train,2125,61,62464,153,153,62617
train,2126,85,87040,199,199,87239
train,2127,75,76800,182,182,76982
train,2128,94,96256,247,247,96503
train,2129,18,18432,39,39,18471
train,2130,17,17408,34,34,17442
train,2131,67,68608,156,156,68764
train,2132,83,84992,201,201,85193
train,2133,94,96256,230,230,96486
train,2134,14,14336,28,28,14364
train,2135,31,31744,70,70,31814
train,2136,13,13312,25,25,13337
train,2137,22,22528,44,44,22572
train,2138,35,35840,85,85,35925
train,2139,21,21504,42,42,21546
train,2140,23,23552,47,47,23599
train,2141,111,113664,287,287,113951
train,2142,27,27648,63,63,27711
train,2143,49,50176,106,106,50282
train,2144,40,40960,88,88,41048
train,2145,23,23552,52,52,23604
train,2146,12,12288,24,24,12312
train,2147,87,89088,199,199,89287
train,2148,17,17408,34,34,17442
train,2149,314,321536,917,917,322453
train,2150,23,23552,52,52,23604
train,2151,141,144384,342,342,144726
train,2152,39,39936,82,82,40018
train,2153,97,99328,232,232,99560
train,2154,39,39936,85,85,40021
train,2155,147,150528,384,384,150912
train,2156,25,25600,56,56,25656
train,2157,34,34816,84,84,34900
train,2158,85,87040,206,206,87246
train,2159,29,29696,68,68,29764
train,2160,180,184320,470,470,184790
train,2161,64,65536,143,143,65679
train,2162,41,41984,88,88,42072
train,2163,82,83968,186,186,84154
train,2164,73,74752,172,172,74924
train,2165,81,82944,193,193,83137
train,2166,76,77824,173,173,77997
train,2167,33,33792,73,73,33865
train,2168,76,77824,177,177,78001
train,2169,45,46080,99,99,46179
train,2170,101,103424,258,258,103682
train,2171,33,33792,71,71,33863
train,2172,55,56320,133,133,56453
train,2173,221,226304,582,582,226886
train,2174,310,317440,886,886,318326
train,2175,90,92160,225,225,92385
train,2176,69,70656,176,176,70832
train,2177,68,69632,151,151,69783
train,2178,36,36864,82,82,36946
train,2179,53,54272,129,129,54401
train,2180,145,148480,385,385,148865
train,2181,147,150528,372,372,150900
train,2182,122,124928,314,314,125242
train,2183,117,119808,302,302,120110
train,2184,102,104448,245,245,104693
train,2185,28,28672,56,56,28728
train,2186,51,52224,129,129,52353
train,2187,15,15360,29,29,15389
train,2188,12,12288,24,24,12312
train,2189,17,17408,36,36,17444
train,2190,23,23552,54,54,23606
train,2191,321,328704,928,928,329632
train,2192,175,179200,473,473,179673
train,2193,257,263168,684,684,263852
train,2194,46,47104,104,104,47208
train,2195,58,59392,139,139,59531
train,2196,51,52224,121,121,52345
train,2197,23,23552,48,48,23600
train,2198,92,94208,223,223,94431
train,2199,186,190464,474,474,190938
train,2200,24,24576,48,48,24624
train,2201,51,52224,120,120,52344
train,2202,54,55296,122,122,55418
train,2203,15,15360,29,29,15389
train,2204,60,61440,144,144,61584
train,2205,206,210944,557,557,211501
train,2206,65,66560,157,157,66717
train,2207,38,38912,94,94,39006
train,2208,163,166912,435,435,167347
train,2209,116,118784,301,301,119085
train,2210,331,338944,931,931,339875
train,2211,47,48128,110,110,48238
train,2212,48,49152,110,110,49262
train,2213,118,120832,287,287,121119
train,2214,50,51200,114,114,51314
train,2215,266,272384,746,746,273130
train,2216,18,18432,42,42,18474
train,2217,57,58368,125,125,58493
train,2218,68,69632,152,152,69784
train,2219,62,63488,141,141,63629
train,2220,27,27648,57,57,27705
train,2221,24,24576,56,56,24632
train,2222,118,120832,283,283,121115
train,2223,28,28672,67,67,28739
train,2224,184,188416,458,458,188874
train,2225,9,9216,17,17,9233
train,2226,24,24576,49,49,24625
train,2227,274,280576,742,742,281318
train,2228,28,28672,62,62,28734
train,2229,84,86016,197,197,86213
train,2230,11,11264,25,25,11289
train,2231,191,195584,500,500,196084
train,2232,34,34816,78,78,34894
train,2233,139,142336,356,356,142692
train,2234,26,26624,53,53,26677
train,2235,16,16384,31,31,16415
train,2236,38,38912,82,82,38994
train,2237,176,180224,464,464,180688
train,2238,17,17408,37,37,17445
train,2239,29,29696,63,63,29759
train,2240,61,62464,143,143,62607
train,2241,214,219136,555,555,219691
train,2242,166,169984,452,452,170436
train,2243,128,131072,324,324,131396
train,2244,59,60416,131,131,60547
train,2245,24,24576,49,49,24625
train,2246,73,74752,166,166,74918
train,2247,20,20480,41,41,20521
train,2248,176,180224,463,463,180687
train,2249,43,44032,100,100,44132
train,2250,83,84992,195,195,85187
train,2251,54,55296,127,127,55423
train,2252,89,91136,204,204,91340
train,2253,49,50176,108,108,50284
train,2254,14,14336,27,27,14363
train,2255,58,59392,133,133,59525
train,2256,59,60416,144,144,60560
train,2257,131,134144,329,329,134473
train,2258,197,201728,536,536,202264
train,2259,63,64512,138,138,64650
train,2260,103,105472,244,244,105716
train,2261,29,29696,68,68,29764
train,2262,31,31744,65,65,31809
train,2263,41,41984,90,90,42074
train,2264,86,88064,217,217,88281
train,2265,52,53248,115,115,53363
train,2266,72,73728,167,167,73895
train,2267,24,24576,50,50,24626
train,2268,23,23552,52,52,23604
train,2269,22,22528,46,46,22574
train,2270,15,15360,30,30,15390
train,2271,19,19456,39,39,19495
train,2272,47,48128,106,106,48234
train,2273,135,138240,332,332,138572
train,2274,103,105472,250,250,105722
train,2275,17,17408,40,40,17448
train,2276,134,137216,353,353,137569
train,2277,163,166912,411,411,167323
train,2278,70,71680,168,168,71848
train,2279,27,27648,54,54,27702
train,2280,42,43008,93,93,43101
train,2281,82,83968,197,197,84165
train,2282,66,67584,156,156,67740
train,2283,149,152576,376,376,152952
train,2284,14,14336,29,29,14365
train,2285,25,25600,50,50,25650
train,2286,79,80896,207,207,81103
train,2287,12,12288,24,24,12312
train,2288,39,39936,86,86,40022
train,2289,298,305152,806,806,305958
train,2290,60,61440,142,142,61582
train,2291,138,141312,350,350,141662
train,2292,39,39936,87,87,40023
train,2293,186,190464,482,482,190946
train,2294,34,34816,80,80,34896
train,2295,25,25600,53,53,25653
train,2296,54,55296,126,126,55422
train,2297,28,28672,67,67,28739
train,2298,52,53248,114,114,53362
train,2299,25,25600,57,57,25657
train,2300,15,15360,29,29,15389
train,2301,21,21504,42,42,21546
train,2302,73,74752,171,171,74923
train,2303,163,166912,436,436,167348
train,2304,68,69632,162,162,69794
train,2305,323,330752,964,964,331716
train,2306,32,32768,67,67,32835
train,2307,78,79872,194,194,80066
train,2308,30,30720,66,66,30786
train,2309,351,359424,992,992,360416
train,2310,126,129024,306,306,129330
train,2311,77,78848,179,179,79027
train,2312,57,58368,133,133,58501
train,2313,22,22528,55,55,22583
train,2314,40,40960,85,85,41045
train,2315,25,25600,50,50,25650
train,2316,303,310272,799,799,311071
train,2317,53,54272,126,126,54398
train,2318,156,159744,420,420,160164
train,2319,45,46080,108,108,46188
train,2320,64,65536,138,138,65674
train,2321,137,140288,316,316,140604
train,2322,26,26624,53,53,26677
train,2323,80,81920,183,183,82103
train,2324,53,54272,123,123,54395
train,2325,25,25600,50,50,25650
train,2326,22,22528,49,49,22577
train,2327,29,29696,69,69,29765
train,2328,22,22528,51,51,22579
train,2329,15,15360,29,29,15389
train,2330,26,26624,58,58,26682
train,2331,23,23552,54,54,23606
train,2332,24,24576,50,50,24626
train,2333,152,155648,385,385,156033
train,2334,46,47104,111,111,47215
train,2335,125,128000,317,317,128317
train,2336,180,184320,516,516,184836
train,2337,44,45056,95,95,45151
train,2338,41,41984,97,97,42081
train,2339,47,48128,99,99,48227
train,2340,25,25600,60,60,25660
train,2341,151,154624,391,391,155015
train,2342,23,23552,53,53,23605
train,2343,22,22528,47,47,22575
train,2344,45,46080,92,92,46172
train,2345,141,144384,352,352,144736
train,2346,82,83968,200,200,84168
train,2347,13,13312,25,25,13337
train,2348,84,86016,202,202,86218
train,2349,53,54272,119,119,54391
train,2350,24,24576,48,48,24624
train,2351,68,69632,157,157,69789
train,2352,371,379904,1038,1038,380942
train,2353,14,14336,27,27,14363
train,2354,101,103424,271,271,103695
train,2355,83,84992,192,192,85184
train,2356,48,49152,105,105,49257
train,2357,13,13312,25,25,13337
train,2358,30,30720,69,69,30789
train,2359,42,43008,104,104,43112
train,2360,104,106496,257,257,106753
train,2361,108,110592,271,271,110863
train,2362,15,15360,29,29,15389
train,2363,140,143360,364,364,143724
train,2364,53,54272,133,133,54405
train,2365,14,14336,27,27,14363
train,2366,49,50176,112,112,50288
train,2367,72,73728,171,171,73899
train,2368,170,174080,434,434,174514
train,2369,23,23552,51,51,23603
train,2370,59,60416,134,134,60550
train,2371,11,11264,22,22,11286
train,2372,54,55296,123,123,55419
train,2373,154,157696,384,384,158080
train,2374,29,29696,67,67,29763
train,2375,100,102400,242,242,102642
train,2376,103,105472,263,263,105735
train,2377,123,125952,320,320,126272
train,2378,31,31744,79,79,31823
train,2379,65,66560,146,146,66706
train,2380,65,66560,153,153,66713
train,2381,228,233472,625,625,234097
train,2382,96,98304,232,232,98536
train,2383,152,155648,375,375,156023
train,2384,90,92160,230,230,92390
train,2385,99,101376,255,255,101631
train,2386,61,62464,136,136,62600
train,2387,22,22528,48,48,22576
train,2388,248,253952,698,698,254650
train,2389,68,69632,158,158,69790
train,2390,34,34816,71,71,34887
train,2391,46,47104,104,104,47208
train,2392,144,147456,352,352,147808
train,2393,24,24576,55,55,24631
train,2394,29,29696,64,64,29760
train,2395,98,100352,241,241,100593
train,2396,86,88064,208,208,88272
train,2397,63,64512,142,142,64654
train,2398,35,35840,73,73,35913
train,2399,11,11264,22,22,11286
train,2400,25,25600,55,55,25655
train,2401,101,103424,275,275,103699
train,2402,46,47104,97,97,47201
train,2403,12,12288,24,24,12312
train,2404,29,29696,62,62,29758
train,2405,68,69632,165,165,69797
train,2406,23,23552,47,47,23599
train,2407,69,70656,157,157,70813
train,2408,24,24576,56,56,24632
train,2409,94,96256,216,216,96472
train,2410,60,61440,129,129,61569
train,2411,211,216064,542,542,216606
train,2412,200,204800,547,547,205347
train,2413,35,35840,80,80,35920
train,2414,63,64512,154,154,64666
train,2415,164,167936,439,439,168375
train,2416,115,117760,305,305,118065
train,2417,157,160768,412,412,161180
train,2418,12,12288,24,24,12312
train,2419,9,9216,20,20,9236
train,2420,25,25600,58,58,25658
train,2421,35,35840,74,74,35914
train,2422,53,54272,137,137,54409
train,2423,24,24576,50,50,24626
train,2424,88,90112,199,199,90311
train,2425,31,31744,75,75,31819
train,2426,136,139264,365,365,139629
train,2427,17,17408,34,34,17442
train,2428,74,75776,174,174,75950
train,2429,121,123904,286,286,124190
train,2430,89,91136,211,211,91347
train,2431,23,23552,49,49,23601
train,2432,66,67584,148,148,67732
train,2433,26,26624,56,56,26680
train,2434,13,13312,25,25,13337
train,2435,55,56320,121,121,56441
train,2436,39,39936,93,93,40029
train,2437,34,34816,88,88,34904
train,2438,209,214016,574,574,214590
train,2439,25,25600,55,55,25655
train,2440,66,67584,156,156,67740
train,2441,31,31744,70,70,31814
train,2442,54,55296,127,127,55423
train,2443,51,52224,116,116,52340
train,2444,21,21504,48,48,21552
train,2445,90,92160,213,213,92373
train,2446,71,72704,172,172,72876
train,2447,32,32768,68,68,32836
train,2448,270,276480,736,736,277216
train,2449,37,37888,84,84,37972
train,2450,32,32768,68,68,32836
train,2451,347,355328,1048,1048,356376
train,2452,40,40960,83,83,41043
train,2453,45,46080,104,104,46184
train,2454,166,169984,393,393,170377
train,2455,23,23552,53,53,23605
train,2456,44,45056,98,98,45154
train,2457,123,125952,301,301,126253
train,2458,68,69632,144,144,69776
train,2459,145,148480,391,391,148871
train,2460,56,57344,131,131,57475
train,2461,25,25600,50,50,25650
train,2462,51,52224,118,118,52342
train,2463,99,101376,257,257,101633
train,2464,65,66560,159,159,66719
train,2465,65,66560,152,152,66712
train,2466,47,48128,114,114,48242
train,2467,41,41984,97,97,42081
train,2468,42,43008,102,102,43110
train,2469,207,211968,541,541,212509
train,2470,16,16384,31,31,16415
train,2471,12,12288,23,23,12311
train,2472,56,57344,125,125,57469
train,2473,82,83968,186,186,84154
train,2474,40,40960,86,86,41046
train,2475,139,142336,357,357,142693
train,2476,37,37888,79,79,37967
train,2477,49,50176,104,104,50280
train,2478,13,13312,26,26,13338
train,2479,24,24576,49,49,24625
train,2480,69,70656,177,177,70833
train,2481,48,49152,111,111,49263
train,2482,41,41984,93,93,42077
train,2483,25,25600,57,57,25657
train,2484,13,13312,25,25,13337
train,2485,18,18432,40,40,18472
train,2486,236,241664,622,622,242286
train,2487,10,10240,19,19,10259
train,2488,20,20480,41,41,20521
train,2489,63,64512,155,155,64667
train,2490,128,131072,345,345,131417
train,2491,74,75776,175,175,75951
train,2492,12,12288,24,24,12312
train,2493,78,79872,185,185,80057
train,2494,42,43008,98,98,43106
train,2495,66,67584,156,156,67740
train,2496,50,51200,122,122,51322
train,2497,166,169984,468,468,170452
train,2498,74,75776,171,171,75947
train,2499,59,60416,145,145,60561
train,2500,173,177152,463,463,177615
train,2501,32,32768,74,74,32842
train,2502,46,47104,104,104,47208
train,2503,89,91136,219,219,91355
train,2504,191,195584,510,510,196094
train,2505,150,153600,359,359,153959
train,2506,59,60416,132,132,60548
train,2507,22,22528,53,53,22581
train,2508,68,69632,153,153,69785
train,2509,57,58368,120,120,58488
train,2510,43,44032,89,89,44121
train,2511,52,53248,130,130,53378
train,2512,118,120832,300,300,121132
train,2513,16,16384,31,31,16415
train,2514,129,132096,322,322,132418
train,2515,40,40960,99,99,41059
train,2516,23,23552,46,46,23598
train,2517,39,39936,94,94,40030
train,2518,27,27648,59,59,27707
train,2519,246,251904,673,673,252577
train,2520,42,43008,97,97,43105
train,2521,24,24576,58,58,24634
train,2522,57,58368,137,137,58505
train,2523,10,10240,19,19,10259
train,2524,36,36864,79,79,36943
train,2525,47,48128,103,103,48231
train,2526,81,82944,206,206,83150
train,2527,154,157696,427,427,158123
train,2528,73,74752,168,168,74920
train,2529,56,57344,120,120,57464
train,2530,156,159744,449,449,160193
train,2531,105,107520,258,258,107778
train,2532,42,43008,103,103,43111
train,2533,24,24576,54,54,24630
train,2534,22,22528,45,45,22573
train,2535,94,96256,221,221,96477
train,2536,83,84992,193,193,85185
train,2537,49,50176,113,113,50289
train,2538,33,33792,76,76,33868
train,2539,39,39936,97,97,40033
train,2540,15,15360,29,29,15389
train,2541,116,118784,302,302,119086
train,2542,80,81920,189,189,82109
train,2543,26,26624,65,65,26689
train,2544,13,13312,25,25,13337
train,2545,36,36864,74,74,36938
train,2546,32,32768,71,71,32839
train,2547,66,67584,148,148,67732
train,2548,49,50176,121,121,50297
train,2549,56,57344,134,134,57478
train,2550,21,21504,47,47,21551
train,2551,36,36864,82,82,36946
train,2552,24,24576,48,48,24624
train,2553,147,150528,363,363,150891
train,2554,24,24576,49,49,24625
train,2555,139,142336,335,335,142671
train,2556,19,19456,43,43,19499
train,2557,106,108544,263,263,108807
train,2558,69,70656,162,162,70818
train,2559,34,34816,75,75,34891
train,2560,236,241664,622,622,242286
train,2561,119,121856,313,313,122169
train,2562,22,22528,45,45,22573
train,2563,20,20480,45,45,20525
train,2564,27,27648,67,67,27715
train,2565,84,86016,195,195,86211
train,2566,99,101376,249,249,101625
train,2567,78,79872,185,185,80057
train,2568,142,145408,363,363,145771
train,2569,83,84992,191,191,85183
train,2570,77,78848,192,192,79040
train,2571,119,121856,281,281,122137
train,2572,58,59392,137,137,59529
train,2573,22,22528,46,46,22574
train,2574,42,43008,94,94,43102
train,2575,13,13312,25,25,13337
train,2576,100,102400,236,236,102636
train,2577,213,218112,569,569,218681
train,2578,14,14336,28,28,14364
train,2579,67,68608,153,153,68761
train,2580,128,131072,329,329,131401
train,2581,120,122880,308,308,123188
train,2582,70,71680,170,170,71850
train,2583,108,110592,254,254,110846
train,2584,46,47104,97,97,47201
train,2585,39,39936,94,94,40030
train,2586,41,41984,86,86,42070
train,2587,11,11264,22,22,11286
train,2588,54,55296,130,130,55426
train,2589,24,24576,48,48,24624
train,2590,26,26624,57,57,26681
train,2591,61,62464,145,145,62609
train,2592,29,29696,63,63,29759
train,2593,23,23552,47,47,23599
train,2594,43,44032,103,103,44135
train,2595,71,72704,167,167,72871
train,2596,58,59392,132,132,59524
train,2597,74,75776,172,172,75948
train,2598,24,24576,54,54,24630
train,2599,37,37888,81,81,37969
train,2600,77,78848,183,183,79031
train,2601,56,57344,131,131,57475
train,2602,131,134144,325,325,134469
train,2603,45,46080,109,109,46189
train,2604,56,57344,137,137,57481
train,2605,78,79872,183,183,80055
train,2606,27,27648,55,55,27703
train,2607,63,64512,145,145,64657
train,2608,30,30720,66,66,30786
train,2609,36,36864,77,77,36941
train,2610,86,88064,208,208,88272
train,2611,117,119808,295,295,120103
train,2612,79,80896,184,184,81080
train,2613,27,27648,60,60,27708
train,2614,81,82944,184,184,83128
train,2615,29,29696,64,64,29760
train,2616,61,62464,147,147,62611
train,2617,18,18432,36,36,18468
train,2618,99,101376,240,240,101616
train,2619,22,22528,45,45,22573
train,2620,203,207872,540,540,208412
train,2621,54,55296,132,132,55428
train,2622,53,54272,121,121,54393
train,2623,42,43008,91,91,43099
train,2624,73,74752,158,158,74910
train,2625,90,92160,214,214,92374
train,2626,45,46080,102,102,46182
train,2627,228,233472,623,623,234095
train,2628,125,128000,295,295,128295
train,2629,39,39936,83,83,40019
train,2630,118,120832,285,285,121117
train,2631,24,24576,53,53,24629
train,2632,31,31744,69,69,31813
train,2633,98,100352,208,208,100560
train,2634,41,41984,89,89,42073
train,2635,80,81920,191,191,82111
train,2636,104,106496,261,261,106757
train,2637,61,62464,147,147,62611
train,2638,173,177152,433,433,177585
train,2639,89,91136,199,199,91335
train,2640,21,21504,44,44,21548
train,2641,23,23552,47,47,23599
train,2642,39,39936,91,91,40027
train,2643,110,112640,261,261,112901
train,2644,39,39936,86,86,40022
train,2645,168,172032,459,459,172491
train,2646,74,75776,179,179,75955
train,2647,40,40960,91,91,41051
train,2648,19,19456,42,42,19498
train,2649,23,23552,51,51,23603
train,2650,33,33792,73,73,33865
train,2651,65,66560,148,148,66708
train,2652,41,41984,91,91,42075
train,2653,60,61440,132,132,61572
train,2654,24,24576,49,49,24625
train,2655,134,137216,337,337,137553
train,2656,181,185344,475,475,185819
train,2657,28,28672,64,64,28736
train,2658,37,37888,79,79,37967
train,2659,17,17408,33,33,17441
train,2660,151,154624,412,412,155036
train,2661,126,129024,318,318,129342
train,2662,64,65536,147,147,65683
train,2663,68,69632,152,152,69784
train,2664,75,76800,177,177,76977
train,2665,59,60416,133,133,60549
train,2666,13,13312,26,26,13338
train,2667,70,71680,169,169,71849
train,2668,28,28672,61,61,28733
train,2669,13,13312,26,26,13338
train,2670,139,142336,374,374,142710
train,2671,268,274432,714,714,275146
train,2672,95,97280,231,231,97511
train,2673,33,33792,75,75,33867
train,2674,20,20480,44,44,20524
train,2675,105,107520,271,271,107791
train,2676,104,106496,291,291,106787
train,2677,33,33792,70,70,33862
train,2678,88,90112,206,206,90318
train,2679,22,22528,44,44,22572
train,2680,100,102400,249,249,102649
train,2681,39,39936,89,89,40025
train,2682,83,84992,216,216,85208
train,2683,56,57344,124,124,57468
train,2684,54,55296,129,129,55425
train,2685,27,27648,56,56,27704
train,2686,49,50176,117,117,50293
train,2687,53,54272,126,126,54398
train,2688,38,38912,86,86,38998
train,2689,39,39936,102,102,40038
train,2690,145,148480,360,360,148840
train,2691,82,83968,203,203,84171
train,2692,42,43008,102,102,43110
train,2693,31,31744,74,74,31818
train,2694,73,74752,176,176,74928
train,2695,32,32768,76,76,32844
train,2696,226,231424,584,584,232008
train,2697,66,67584,150,150,67734
train,2698,25,25600,59,59,25659
train,2699,25,25600,56,56,25656
train,2700,42,43008,94,94,43102
train,2701,37,37888,83,83,37971
train,2702,233,238592,674,674,239266
train,2703,13,13312,26,26,13338
train,2704,189,193536,480,480,194016
train,2705,42,43008,102,102,43110
train,2706,23,23552,48,48,23600
train,2707,17,17408,39,39,17447
train,2708,28,28672,66,66,28738
train,2709,25,25600,51,51,25651
train,2710,78,79872,195,195,80067
train,2711,23,23552,46,46,23598
train,2712,44,45056,112,112,45168
train,2713,14,14336,28,28,14364
train,2714,65,66560,155,155,66715
train,2715,11,11264,21,21,11285
train,2716,153,156672,407,407,157079
train,2717,34,34816,77,77,34893
train,2718,169,173056,417,417,173473
train,2719,81,82944,194,194,83138
train,2720,67,68608,149,149,68757
train,2721,21,21504,43,43,21547
train,2722,62,63488,144,144,63632
train,2723,121,123904,311,311,124215
train,2724,33,33792,70,70,33862
train,2725,173,177152,440,440,177592
train,2726,168,172032,483,483,172515
train,2727,67,68608,158,158,68766
train,2728,36,36864,84,84,36948
train,2729,57,58368,134,134,58502
train,2730,33,33792,74,74,33866
train,2731,33,33792,78,78,33870
train,2732,51,52224,110,110,52334
train,2733,69,70656,165,165,70821
train,2734,145,148480,353,353,148833
train,2735,84,86016,185,185,86201
train,2736,38,38912,84,84,38996
train,2737,27,27648,62,62,27710
train,2738,47,48128,104,104,48232
train,2739,78,79872,183,183,80055
train,2740,44,45056,103,103,45159
train,2741,30,30720,64,64,30784
train,2742,36,36864,73,73,36937
train,2743,26,26624,55,55,26679
train,2744,94,96256,212,212,96468
train,2745,31,31744,77,77,31821
train,2746,14,14336,28,28,14364
train,2747,37,37888,91,91,37979
train,2748,69,70656,163,163,70819
train,2749,91,93184,207,207,93391
train,2750,43,44032,94,94,44126
train,2751,439,449536,1257,1257,450793
train,2752,20,20480,40,40,20520
train,2753,11,11264,22,22,11286
train,2754,214,219136,559,559,219695
train,2755,114,116736,291,291,117027
train,2756,91,93184,214,214,93398
train,2757,135,138240,368,368,138608
train,2758,308,315392,861,861,316253
train,2759,25,25600,50,50,25650
train,2760,52,53248,119,119,53367
train,2761,11,11264,22,22,11286
train,2762,55,56320,118,118,56438
train,2763,58,59392,138,138,59530
train,2764,93,95232,233,233,95465
train,2765,24,24576,49,49,24625
train,2766,33,33792,75,75,33867
train,2767,65,66560,134,134,66694
train,2768,56,57344,123,123,57467
train,2769,42,43008,101,101,43109
train,2770,167,171008,435,435,171443
train,2771,179,183296,450,450,183746
train,2772,16,16384,33,33,16417
train,2773,95,97280,221,221,97501
train,2774,145,148480,353,353,148833
train,2775,51,52224,117,117,52341
train,2776,21,21504,45,45,21549
train,2777,46,47104,100,100,47204
train,2778,23,23552,46,46,23598
train,2779,24,24576,50,50,24626
train,2780,53,54272,113,113,54385
train,2781,51,52224,114,114,52338
train,2782,109,111616,279,279,111895
train,2783,91,93184,208,208,93392
train,2784,170,174080,488,488,174568
train,2785,99,101376,295,295,101671
train,2786,212,217088,597,597,217685
train,2787,63,64512,142,142,64654
train,2788,44,45056,107,107,45163
train,2789,56,57344,141,141,57485
train,2790,71,72704,161,161,72865
train,2791,87,89088,199,199,89287
train,2792,46,47104,104,104,47208
train,2793,217,222208,542,542,222750
train,2794,58,59392,135,135,59527
train,2795,37,37888,82,82,37970
train,2796,53,54272,117,117,54389
train,2797,62,63488,142,142,63630
train,2798,63,64512,152,152,64664
train,2799,239,244736,684,684,245420
train,2800,51,52224,126,126,52350
train,2801,24,24576,49,49,24625
train,2802,119,121856,304,304,122160
train,2803,39,39936,88,88,40024
train,2804,142,145408,337,337,145745
train,2805,60,61440,138,138,61578
train,2806,85,87040,197,197,87237
train,2807,121,123904,300,300,124204
train,2808,22,22528,50,50,22578
train,2809,33,33792,73,73,33865
train,2810,80,81920,177,177,82097
train,2811,60,61440,143,143,61583
train,2812,62,63488,149,149,63637
train,2813,102,104448,238,238,104686
train,2814,112,114688,292,292,114980
train,2815,133,136192,360,360,136552
train,2816,52,53248,132,132,53380
train,2817,28,28672,61,61,28733
train,2818,74,75776,178,178,75954
train,2819,75,76800,171,171,76971
train,2820,17,17408,33,33,17441
train,2821,110,112640,287,287,112927
train,2822,136,139264,333,333,139597
train,2823,64,65536,153,153,65689
train,2824,14,14336,27,27,14363
train,2825,29,29696,71,71,29767
train,2826,17,17408,33,33,17441
train,2827,62,63488,137,137,63625
train,2828,28,28672,56,56,28728
train,2829,75,76800,181,181,76981
train,2830,178,182272,472,472,182744
train,2831,134,137216,348,348,137564
train,2832,23,23552,52,52,23604
train,2833,43,44032,99,99,44131
train,2834,197,201728,523,523,202251
train,2835,30,30720,60,60,30780
train,2836,116,118784,302,302,119086
train,2837,61,62464,143,143,62607
train,2838,67,68608,159,159,68767
train,2839,134,137216,313,313,137529
train,2840,54,55296,122,122,55418
train,2841,24,24576,49,49,24625
train,2842,15,15360,29,29,15389
train,2843,42,43008,93,93,43101
train,2844,29,29696,61,61,29757
train,2845,167,171008,439,439,171447
train,2846,20,20480,45,45,20525
train,2847,19,19456,37,37,19493
train,2848,196,200704,516,516,201220
train,2849,28,28672,63,63,28735
train,2850,101,103424,250,250,103674
train,2851,32,32768,67,67,32835
train,2852,83,84992,191,191,85183
train,2853,71,72704,169,169,72873
train,2854,41,41984,86,86,42070
train,2855,25,25600,51,51,25651
train,2856,22,22528,49,49,22577
train,2857,74,75776,171,171,75947
train,2858,21,21504,44,44,21548
train,2859,27,27648,59,59,27707
train,2860,115,117760,311,311,118071
train,2861,66,67584,160,160,67744
train,2862,28,28672,63,63,28735
train,2863,281,287744,745,745,288489
train,2864,31,31744,66,66,31810
train,2865,39,39936,90,90,40026
train,2866,22,22528,51,51,22579
train,2867,54,55296,134,134,55430
train,2868,35,35840,90,90,35930
train,2869,15,15360,29,29,15389
train,2870,17,17408,33,33,17441
train,2871,188,192512,481,481,192993
train,2872,59,60416,129,129,60545
train,2873,74,75776,174,174,75950
train,2874,33,33792,75,75,33867
train,2875,70,71680,163,163,71843
train,2876,77,78848,183,183,79031
train,2877,56,57344,126,126,57470
train,2878,79,80896,173,173,81069
train,2879,141,144384,391,391,144775
train,2880,79,80896,184,184,81080
train,2881,40,40960,98,98,41058
train,2882,19,19456,40,40,19496
train,2883,78,79872,179,179,80051
train,2884,63,64512,159,159,64671
train,2885,28,28672,59,59,28731
train,2886,62,63488,143,143,63631
train,2887,24,24576,53,53,24629
train,2888,55,56320,128,128,56448
train,2889,170,174080,431,431,174511
train,2890,23,23552,46,46,23598
train,2891,89,91136,199,199,91335
train,2892,30,30720,62,62,30782
train,2893,102,104448,228,228,104676
train,2894,37,37888,91,91,37979
train,2895,68,69632,154,154,69786
train,2896,11,11264,21,21,11285
train,2897,28,28672,62,62,28734
train,2898,57,58368,131,131,58499
train,2899,14,14336,28,28,14364
train,2900,54,55296,130,130,55426
train,2901,66,67584,145,145,67729
train,2902,66,67584,150,150,67734
train,2903,93,95232,211,211,95443
train,2904,18,18432,36,36,18468
train,2905,54,55296,130,130,55426
train,2906,119,121856,292,292,122148
train,2907,50,51200,106,106,51306
train,2908,42,43008,99,99,43107
train,2909,46,47104,108,108,47212
train,2910,160,163840,395,395,164235
train,2911,108,110592,262,262,110854
train,2912,78,79872,187,187,80059
train,2913,94,96256,224,224,96480
train,2914,73,74752,165,165,74917
train,2915,86,88064,199,199,88263
train,2916,25,25600,58,58,25658
train,2917,47,48128,118,118,48246
train,2918,43,44032,93,93,44125
train,2919,37,37888,81,81,37969
train,2920,23,23552,54,54,23606
train,2921,24,24576,50,50,24626
train,2922,36,36864,80,80,36944
train,2923,57,58368,132,132,58500
train,2924,25,25600,59,59,25659
train,2925,430,440320,1224,1224,441544
train,2926,48,49152,106,106,49258
train,2927,58,59392,130,130,59522
train,2928,21,21504,50,50,21554
train,2929,96,98304,239,239,98543
train,2930,9,9216,17,17,9233
train,2931,214,219136,582,582,219718
train,2932,91,93184,210,210,93394
train,2933,15,15360,30,30,15390
train,2934,348,356352,971,971,357323
train,2935,23,23552,47,47,23599
train,2936,21,21504,46,46,21550
train,2937,31,31744,67,67,31811
train,2938,18,18432,39,39,18471
train,2939,92,94208,208,208,94416
train,2940,59,60416,132,132,60548
train,2941,14,14336,27,27,14363
train,2942,20,20480,42,42,20522
train,2943,14,14336,28,28,14364
train,2944,67,68608,152,152,68760
train,2945,28,28672,58,58,28730
train,2946,81,82944,189,189,83133
train,2947,41,41984,98,98,42082
train,2948,96,98304,229,229,98533
train,2949,14,14336,28,28,14364
train,2950,82,83968,204,204,84172
train,2951,97,99328,232,232,99560
train,2952,49,50176,102,102,50278
train,2953,62,63488,139,139,63627
train,2954,25,25600,60,60,25660
train,2955,78,79872,190,190,80062
train,2956,15,15360,30,30,15390
train,2957,118,120832,287,287,121119
train,2958,80,81920,191,191,82111
train,2959,55,56320,136,136,56456
train,2960,89,91136,194,194,91330
train,2961,65,66560,155,155,66715
train,2962,16,16384,31,31,16415
train,2963,58,59392,139,139,59531
train,2964,85,87040,189,189,87229
train,2965,45,46080,116,116,46196
train,2966,24,24576,49,49,24625
train,2967,52,53248,119,119,53367
train,2968,19,19456,37,37,19493
train,2969,28,28672,59,59,28731
train,2970,24,24576,56,56,24632
train,2971,38,38912,95,95,39007
train,2972,96,98304,223,223,98527
train,2973,21,21504,46,46,21550
train,2974,272,278528,745,745,279273
train,2975,28,28672,65,65,28737
train,2976,25,25600,50,50,25650
train,2977,46,47104,105,105,47209
train,2978,96,98304,234,234,98538
train,2979,22,22528,45,45,22573
train,2980,30,30720,66,66,30786
train,2981,216,221184,573,573,221757
train,2982,75,76800,178,178,76978
train,2983,29,29696,62,62,29758
train,2984,44,45056,111,111,45167
train,2985,26,26624,56,56,26680
train,2986,23,23552,47,47,23599
train,2987,38,38912,93,93,39005
train,2988,29,29696,58,58,29754
train,2989,118,120832,306,306,121138
train,2990,69,70656,165,165,70821
train,2991,27,27648,64,64,27712
train,2992,85,87040,227,227,87267
train,2993,18,18432,40,40,18472
train,2994,72,73728,184,184,73912
train,2995,23,23552,49,49,23601
train,2996,14,14336,27,27,14363
train,2997,12,12288,24,24,12312
train,2998,393,402432,1164,1164,403596
train,2999,176,180224,449,449,180673
train,3000,68,69632,151,151,69783
train,3001,216,221184,565,565,221749
train,3002,102,104448,273,273,104721
train,3003,24,24576,48,48,24624
train,3004,75,76800,173,173,76973
train,3005,16,16384,31,31,16415
train,3006,26,26624,52,52,26676
train,3007,48,49152,119,119,49271
train,3008,74,75776,177,177,75953
train,3009,14,14336,27,27,14363
train,3010,173,177152,417,417,177569
train,3011,69,70656,160,160,70816
train,3012,42,43008,90,90,43098
train,3013,90,92160,211,211,92371
train,3014,90,92160,230,230,92390
train,3015,39,39936,84,84,40020
train,3016,75,76800,189,189,76989
train,3017,13,13312,25,25,13337
train,3018,64,65536,163,163,65699
train,3019,36,36864,85,85,36949
train,3020,42,43008,98,98,43106
train,3021,14,14336,29,29,14365
train,3022,283,289792,770,770,290562
train,3023,44,45056,106,106,45162
train,3024,66,67584,152,152,67736
train,3025,73,74752,172,172,74924
train,3026,24,24576,49,49,24625
train,3027,19,19456,44,44,19500
train,3028,23,23552,54,54,23606
train,3029,36,36864,80,80,36944
train,3030,24,24576,48,48,24624
train,3031,35,35840,76,76,35916
train,3032,33,33792,71,71,33863
train,3033,79,80896,193,193,81089
train,3034,92,94208,227,227,94435
train,3035,67,68608,160,160,68768
train,3036,45,46080,119,119,46199
train,3037,23,23552,46,46,23598
train,3038,22,22528,48,48,22576
train,3039,72,73728,174,174,73902
train,3040,38,38912,92,92,39004
train,3041,25,25600,50,50,25650
train,3042,196,200704,511,511,201215
train,3043,61,62464,136,136,62600
train,3044,56,57344,127,127,57471
train,3045,37,37888,82,82,37970
train,3046,10,10240,19,19,10259
train,3047,34,34816,75,75,34891
train,3048,13,13312,25,25,13337
train,3049,24,24576,51,51,24627
train,3050,21,21504,46,46,21550
train,3051,30,30720,63,63,30783
train,3052,77,78848,181,181,79029
train,3053,34,34816,70,70,34886
train,3054,21,21504,44,44,21548
train,3055,28,28672,61,61,28733
train,3056,43,44032,93,93,44125
train,3057,23,23552,53,53,23605
train,3058,48,49152,104,104,49256
train,3059,39,39936,82,82,40018
train,3060,73,74752,165,165,74917
train,3061,96,98304,228,228,98532
train,3062,79,80896,179,179,81075
train,3063,25,25600,57,57,25657
train,3064,34,34816,76,76,34892
train,3065,21,21504,49,49,21553
train,3066,77,78848,185,185,79033
train,3067,24,24576,53,53,24629
train,3068,74,75776,169,169,75945
train,3069,28,28672,66,66,28738
train,3070,152,155648,381,381,156029
train,3071,45,46080,116,116,46196
train,3072,37,37888,77,77,37965
train,3073,199,203776,508,508,204284
train,3074,66,67584,167,167,67751
train,3075,72,73728,181,181,73909
train,3076,36,36864,82,82,36946
train,3077,42,43008,97,97,43105
train,3078,38,38912,94,94,39006
train,3079,28,28672,66,66,28738
train,3080,41,41984,93,93,42077
train,3081,66,67584,152,152,67736
train,3082,10,10240,19,19,10259
train,3083,76,77824,191,191,78015
train,3084,81,82944,193,193,83137
train,3085,144,147456,371,371,147827
train,3086,30,30720,72,72,30792
train,3087,155,158720,381,381,159101
train,3088,26,26624,55,55,26679
train,3089,48,49152,107,107,49259
train,3090,18,18432,35,35,18467
train,3091,56,57344,127,127,57471
train,3092,60,61440,161,161,61601
train,3093,115,117760,268,268,118028
train,3094,112,114688,292,292,114980
train,3095,20,20480,42,42,20522
train,3096,65,66560,146,146,66706
train,3097,85,87040,198,198,87238
train,3098,27,27648,54,54,27702
train,3099,24,24576,59,59,24635
train,3100,85,87040,207,207,87247
train,3101,66,67584,160,160,67744
train,3102,13,13312,25,25,13337
train,3103,68,69632,156,156,69788
train,3104,86,88064,217,217,88281
train,3105,53,54272,127,127,54399
train,3106,28,28672,55,55,28727
train,3107,349,357376,1043,1043,358419
train,3108,61,62464,134,134,62598
train,3109,19,19456,41,41,19497
train,3110,81,82944,188,188,83132
train,3111,60,61440,146,146,61586
train,3112,132,135168,321,321,135489
train,3113,71,72704,176,176,72880
train,3114,79,80896,182,182,81078
train,3115,42,43008,96,96,43104
train,3116,211,216064,565,565,216629
train,3117,54,55296,115,115,55411
train,3118,21,21504,43,43,21547
train,3119,116,118784,282,282,119066
train,3120,31,31744,71,71,31815
train,3121,127,130048,309,309,130357
train,3122,42,43008,94,94,43102
train,3123,63,64512,144,144,64656
train,3124,67,68608,149,149,68757
train,3125,76,77824,182,182,78006
train,3126,22,22528,45,45,22573
train,3127,70,71680,167,167,71847
train,3128,27,27648,61,61,27709
train,3129,71,72704,164,164,72868
train,3130,41,41984,97,97,42081
train,3131,17,17408,34,34,17442
train,3132,79,80896,193,193,81089
train,3133,25,25600,51,51,25651
train,3134,37,37888,82,82,37970
train,3135,109,111616,277,277,111893
train,3136,67,68608,161,161,68769
train,3137,24,24576,48,48,24624
train,3138,82,83968,184,184,84152
train,3139,48,49152,108,108,49260
train,3140,44,45056,103,103,45159
train,3141,42,43008,90,90,43098
train,3142,24,24576,54,54,24630
train,3143,55,56320,124,124,56444
train,3144,68,69632,173,173,69805
train,3145,61,62464,150,150,62614
train,3146,60,61440,147,147,61587
train,3147,25,25600,51,51,25651
train,3148,30,30720,74,74,30794
train,3149,51,52224,113,113,52337
train,3150,44,45056,96,96,45152
train,3151,14,14336,27,27,14363
train,3152,10,10240,19,19,10259
train,3153,23,23552,56,56,23608
train,3154,25,25600,59,59,25659
train,3155,70,71680,168,168,71848
train,3156,18,18432,40,40,18472
train,3157,49,50176,107,107,50283
train,3158,25,25600,51,51,25651
train,3159,151,154624,391,391,155015
train,3160,12,12288,23,23,12311
train,3161,46,47104,107,107,47211
train,3162,21,21504,43,43,21547
train,3163,21,21504,48,48,21552
train,3164,28,28672,65,65,28737
train,3165,111,113664,276,276,113940
train,3166,26,26624,52,52,26676
train,3167,43,44032,95,95,44127
train,3168,119,121856,335,335,122191
train,3169,74,75776,177,177,75953
train,3170,13,13312,25,25,13337
train,3171,41,41984,95,95,42079
train,3172,122,124928,294,294,125222
train,3173,14,14336,27,27,14363
train,3174,25,25600,57,57,25657
train,3175,55,56320,129,129,56449
train,3176,163,166912,430,430,167342
train,3177,54,55296,121,121,55417
train,3178,56,57344,127,127,57471
train,3179,21,21504,44,44,21548
train,3180,23,23552,52,52,23604
train,3181,115,117760,269,269,118029
train,3182,43,44032,97,97,44129
train,3183,211,216064,580,580,216644
train,3184,11,11264,22,22,11286
train,3185,117,119808,318,318,120126
train,3186,65,66560,141,141,66701
train,3187,24,24576,48,48,24624
train,3188,15,15360,29,29,15389
train,3189,111,113664,273,273,113937
train,3190,13,13312,26,26,13338
train,3191,14,14336,27,27,14363
train,3192,69,70656,160,160,70816
train,3193,148,151552,362,362,151914
train,3194,64,65536,139,139,65675
train,3195,46,47104,111,111,47215
train,3196,396,405504,1085,1085,406589
train,3197,40,40960,90,90,41050
train,3198,81,82944,192,192,83136
train,3199,42,43008,107,107,43115
train,3200,23,23552,46,46,23598
train,3201,44,45056,101,101,45157
train,3202,105,107520,272,272,107792
train,3203,15,15360,30,30,15390
train,3204,13,13312,25,25,13337
train,3205,10,10240,20,20,10260
train,3206,8,8192,16,16,8208
train,3207,11,11264,21,21,11285
train,3208,58,59392,128,128,59520
train,3209,127,130048,344,344,130392
train,3210,112,114688,289,289,114977
train,3211,52,53248,113,113,53361
train,3212,25,25600,57,57,25657
train,3213,29,29696,60,60,29756
train,3214,77,78848,177,177,79025
train,3215,61,62464,141,141,62605
train,3216,64,65536,157,157,65693
train,3217,52,53248,121,121,53369
train,3218,25,25600,61,61,25661
train,3219,94,96256,238,238,96494
train,3220,35,35840,81,81,35921
train,3221,15,15360,29,29,15389
train,3222,13,13312,25,25,13337
train,3223,181,185344,463,463,185807
train,3224,33,33792,73,73,33865
train,3225,200,204800,563,563,205363
train,3226,87,89088,230,230,89318
train,3227,169,173056,456,456,173512
train,3228,28,28672,59,59,28731
train,3229,25,25600,50,50,25650
train,3230,190,194560,502,502,195062
train,3231,51,52224,127,127,52351
train,3232,291,297984,830,830,298814
train,3233,99,101376,228,228,101604
train,3234,25,25600,50,50,25650
train,3235,65,66560,155,155,66715
train,3236,64,65536,157,157,65693
train,3237,23,23552,51,51,23603
train,3238,163,166912,420,420,167332
train,3239,94,96256,228,228,96484
train,3240,151,154624,391,391,155015
train,3241,56,57344,124,124,57468
train,3242,47,48128,112,112,48240
train,3243,72,73728,169,169,73897
train,3244,164,167936,428,428,168364
train,3245,177,181248,442,442,181690
train,3246,25,25600,50,50,25650
train,3247,40,40960,93,93,41053
train,3248,71,72704,169,169,72873
train,3249,27,27648,56,56,27704
train,3250,135,138240,332,332,138572
train,3251,41,41984,93,93,42077
train,3252,20,20480,41,41,20521
train,3253,76,77824,178,178,78002
train,3254,37,37888,83,83,37971
train,3255,57,58368,125,125,58493
train,3256,25,25600,57,57,25657
train,3257,17,17408,38,38,17446
train,3258,44,45056,101,101,45157
train,3259,11,11264,22,22,11286
train,3260,79,80896,180,180,81076
train,3261,151,154624,374,374,154998
train,3262,77,78848,189,189,79037
train,3263,82,83968,186,186,84154
train,3264,42,43008,84,84,43092
train,3265,38,38912,84,84,38996
train,3266,132,135168,355,355,135523
train,3267,14,14336,27,27,14363
train,3268,66,67584,148,148,67732
train,3269,89,91136,219,219,91355
train,3270,67,68608,148,148,68756
train,3271,151,154624,416,416,155040
train,3272,32,32768,73,73,32841
train,3273,29,29696,68,68,29764
train,3274,17,17408,35,35,17443
train,3275,164,167936,413,413,168349
train,3276,21,21504,43,43,21547
train,3277,38,38912,78,78,38990
train,3278,23,23552,50,50,23602
train,3279,88,90112,212,212,90324
train,3280,72,73728,168,168,73896
train,3281,84,86016,199,199,86215
train,3282,24,24576,48,48,24624
train,3283,60,61440,137,137,61577
train,3284,129,132096,326,326,132422
train,3285,63,64512,142,142,64654
train,3286,101,103424,237,237,103661
train,3287,44,45056,99,99,45155
train,3288,172,176128,437,437,176565
train,3289,74,75776,164,164,75940
train,3290,10,10240,19,19,10259
train,3291,59,60416,144,144,60560
train,3292,91,93184,230,230,93414
train,3293,56,57344,127,127,57471
train,3294,10,10240,19,19,10259
train,3295,48,49152,112,112,49264
train,3296,42,43008,98,98,43106
train,3297,128,131072,305,305,131377
train,3298,39,39936,85,85,40021
train,3299,39,39936,82,82,40018
train,3300,14,14336,28,28,14364
train,3301,56,57344,125,125,57469
train,3302,45,46080,98,98,46178
train,3303,124,126976,320,320,127296
train,3304,342,350208,991,991,351199
train,3305,12,12288,25,25,12313
train,3306,62,63488,143,143,63631
train,3307,87,89088,203,203,89291
train,3308,18,18432,36,36,18468
train,3309,71,72704,166,166,72870
train,3310,32,32768,77,77,32845
train,3311,213,218112,559,559,218671
train,3312,105,107520,258,258,107778
train,3313,67,68608,159,159,68767
train,3314,14,14336,28,28,14364
train,3315,192,196608,475,475,197083
train,3316,21,21504,49,49,21553
train,3317,114,116736,285,285,117021
train,3318,50,51200,127,127,51327
train,3319,128,131072,349,349,131421
train,3320,54,55296,129,129,55425
train,3321,67,68608,152,152,68760
train,3322,12,12288,23,23,12311
train,3323,56,57344,129,129,57473
train,3324,24,24576,55,55,24631
train,3325,99,101376,241,241,101617
train,3326,37,37888,79,79,37967
train,3327,14,14336,27,27,14363
train,3328,65,66560,154,154,66714
train,3329,106,108544,268,268,108812
train,3330,56,57344,139,139,57483
train,3331,13,13312,25,25,13337
train,3332,13,13312,25,25,13337
train,3333,97,99328,241,241,99569
train,3334,162,165888,415,415,166303
train,3335,152,155648,393,393,156041
train,3336,35,35840,83,83,35923
train,3337,228,233472,579,579,234051
train,3338,47,48128,114,114,48242
train,3339,72,73728,167,167,73895
train,3340,79,80896,177,177,81073
train,3341,19,19456,41,41,19497
train,3342,12,12288,23,23,12311
train,3343,67,68608,163,163,68771
train,3344,14,14336,29,29,14365
train,3345,29,29696,70,70,29766
train,3346,34,34816,82,82,34898
train,3347,79,80896,190,190,81086
train,3348,121,123904,301,301,124205
train,3349,25,25600,54,54,25654
train,3350,13,13312,25,25,13337
train,3351,137,140288,354,354,140642
train,3352,66,67584,150,150,67734
train,3353,24,24576,53,53,24629
train,3354,24,24576,55,55,24631
train,3355,40,40960,88,88,41048
train,3356,27,27648,61,61,27709
train,3357,140,143360,348,348,143708
train,3358,33,33792,74,74,33866
train,3359,140,143360,349,349,143709
train,3360,167,171008,445,445,171453
train,3361,163,166912,416,416,167328
train,3362,25,25600,51,51,25651
train,3363,280,286720,772,772,287492
train,3364,46,47104,99,99,47203
train,3365,35,35840,93,93,35933
train,3366,102,104448,233,233,104681
train,3367,16,16384,32,32,16416
train,3368,104,106496,250,250,106746
train,3369,39,39936,87,87,40023
train,3370,49,50176,118,118,50294
train,3371,37,37888,87,87,37975
train,3372,36,36864,82,82,36946
train,3373,105,107520,266,266,107786
train,3374,61,62464,133,133,62597
train,3375,33,33792,75,75,33867
train,3376,23,23552,47,47,23599
train,3377,28,28672,65,65,28737
train,3378,79,80896,190,190,81086
train,3379,384,393216,1115,1115,394331
train,3380,35,35840,81,81,35921
train,3381,23,23552,47,47,23599
train,3382,92,94208,206,206,94414
train,3383,57,58368,147,147,58515
train,3384,39,39936,89,89,40025
train,3385,14,14336,28,28,14364
train,3386,48,49152,105,105,49257
train,3387,74,75776,179,179,75955
train,3388,20,20480,41,41,20521
train,3389,45,46080,111,111,46191
train,3390,24,24576,55,55,24631
train,3391,31,31744,67,67,31811
train,3392,23,23552,46,46,23598
train,3393,78,79872,169,169,80041
train,3394,47,48128,103,103,48231
train,3395,180,184320,471,471,184791
train,3396,44,45056,100,100,45156
train,3397,21,21504,46,46,21550
train,3398,129,132096,323,323,132419
train,3399,12,12288,24,24,12312
train,3400,205,209920,548,548,210468
train,3401,88,90112,211,211,90323
train,3402,144,147456,372,372,147828
train,3403,50,51200,107,107,51307
train,3404,46,47104,104,104,47208
train,3405,54,55296,124,124,55420
train,3406,170,174080,477,477,174557
train,3407,46,47104,112,112,47216
train,3408,20,20480,44,44,20524
train,3409,34,34816,86,86,34902
train,3410,82,83968,186,186,84154
train,3411,73,74752,182,182,74934
train,3412,84,86016,201,201,86217
train,3413,47,48128,104,104,48232
train,3414,348,356352,965,965,357317
train,3415,82,83968,192,192,84160
train,3416,24,24576,50,50,24626
train,3417,82,83968,191,191,84159
train,3418,164,167936,390,390,168326
train,3419,42,43008,95,95,43103
train,3420,28,28672,63,63,28735
train,3421,137,140288,326,326,140614
train,3422,24,24576,56,56,24632
train,3423,47,48128,107,107,48235
train,3424,16,16384,32,32,16416
train,3425,51,52224,112,112,52336
train,3426,88,90112,199,199,90311
train,3427,92,94208,227,227,94435
train,3428,31,31744,67,67,31811
train,3429,22,22528,45,45,22573
train,3430,43,44032,105,105,44137
train,3431,86,88064,209,209,88273
train,3432,144,147456,376,376,147832
train,3433,194,198656,503,503,199159
train,3434,40,40960,82,82,41042
train,3435,138,141312,348,348,141660
train,3436,16,16384,32,32,16416
train,3437,132,135168,352,352,135520
train,3438,273,279552,715,715,280267
train,3439,80,81920,205,205,82125
train,3440,66,67584,148,148,67732
train,3441,50,51200,124,124,51324
train,3442,73,74752,165,165,74917
train,3443,19,19456,40,40,19496
train,3444,114,116736,288,288,117024
train,3445,64,65536,158,158,65694
train,3446,22,22528,44,44,22572
train,3447,69,70656,153,153,70809
train,3448,127,130048,320,320,130368
train,3449,152,155648,374,374,156022
train,3450,11,11264,21,21,11285
train,3451,15,15360,29,29,15389
train,3452,18,18432,35,35,18467
train,3453,27,27648,54,54,27702
train,3454,94,96256,255,255,96511
train,3455,14,14336,27,27,14363
train,3456,49,50176,121,121,50297
train,3457,44,45056,107,107,45163
train,3458,89,91136,216,216,91352
train,3459,21,21504,43,43,21547
train,3460,54,55296,126,126,55422
train,3461,24,24576,54,54,24630
train,3462,34,34816,71,71,34887
train,3463,260,266240,723,723,266963
train,3464,50,51200,109,109,51309
train,3465,13,13312,25,25,13337
train,3466,76,77824,179,179,78003
train,3467,25,25600,56,56,25656
train,3468,67,68608,163,163,68771
train,3469,79,80896,175,175,81071
train,3470,19,19456,37,37,19493
train,3471,13,13312,26,26,13338
train,3472,71,72704,170,170,72874
train,3473,354,362496,965,965,363461
train,3474,20,20480,44,44,20524
train,3475,27,27648,62,62,27710
train,3476,15,15360,30,30,15390
train,3477,32,32768,70,70,32838
train,3478,60,61440,145,145,61585
train,3479,68,69632,176,176,69808
train,3480,79,80896,184,184,81080
train,3481,94,96256,244,244,96500
train,3482,172,176128,444,444,176572
train,3483,31,31744,66,66,31810
train,3484,63,64512,148,148,64660
train,3485,46,47104,102,102,47206
train,3486,97,99328,246,246,99574
train,3487,138,141312,354,354,141666
train,3488,75,76800,181,181,76981
train,3489,29,29696,63,63,29759
train,3490,79,80896,202,202,81098
train,3491,42,43008,100,100,43108
train,3492,50,51200,112,112,51312
train,3493,20,20480,46,46,20526
train,3494,87,89088,218,218,89306
train,3495,9,9216,18,18,9234
train,3496,214,219136,556,556,219692
train,3497,141,144384,372,372,144756
train,3498,60,61440,135,135,61575
train,3499,102,104448,241,241,104689
train,3500,13,13312,27,27,13339
train,3501,66,67584,146,146,67730
train,3502,24,24576,56,56,24632
train,3503,135,138240,370,370,138610
train,3504,58,59392,131,131,59523
train,3505,257,263168,718,718,263886
train,3506,60,61440,146,146,61586
train,3507,24,24576,48,48,24624
train,3508,134,137216,365,365,137581
train,3509,19,19456,37,37,19493
train,3510,126,129024,317,317,129341
train,3511,270,276480,754,754,277234
train,3512,144,147456,388,388,147844
train,3513,36,36864,78,78,36942
train,3514,18,18432,37,37,18469
train,3515,95,97280,241,241,97521
train,3516,61,62464,145,145,62609
train,3517,68,69632,174,174,69806
train,3518,208,212992,563,563,213555
train,3519,30,30720,67,67,30787
train,3520,62,63488,140,140,63628
train,3521,78,79872,191,191,80063
train,3522,25,25600,50,50,25650
train,3523,30,30720,66,66,30786
train,3524,149,152576,361,361,152937
train,3525,63,64512,148,148,64660
train,3526,14,14336,28,28,14364
train,3527,38,38912,90,90,39002
train,3528,38,38912,86,86,38998
train,3529,36,36864,82,82,36946
train,3530,68,69632,157,157,69789
train,3531,43,44032,97,97,44129
train,3532,77,78848,178,178,79026
train,3533,14,14336,28,28,14364
train,3534,164,167936,401,401,168337
train,3535,60,61440,131,131,61571
train,3536,71,72704,163,163,72867
train,3537,14,14336,28,28,14364
train,3538,18,18432,35,35,18467
train,3539,120,122880,305,305,123185
train,3540,38,38912,84,84,38996
train,3541,18,18432,40,40,18472
train,3542,21,21504,47,47,21551
train,3543,39,39936,92,92,40028
train,3544,35,35840,81,81,35921
train,3545,255,261120,718,718,261838
train,3546,55,56320,123,123,56443
train,3547,22,22528,44,44,22572
train,3548,134,137216,341,341,137557
train,3549,51,52224,110,110,52334
train,3550,23,23552,53,53,23605
train,3551,15,15360,30,30,15390
train,3552,31,31744,73,73,31817
train,3553,108,110592,255,255,110847
train,3554,63,64512,151,151,64663
train,3555,36,36864,80,80,36944
train,3556,33,33792,74,74,33866
train,3557,137,140288,333,333,140621
train,3558,299,306176,840,840,307016
train,3559,75,76800,179,179,76979
train,3560,37,37888,82,82,37970
train,3561,151,154624,396,396,155020
train,3562,64,65536,146,146,65682
train,3563,25,25600,53,53,25653
train,3564,67,68608,150,150,68758
train,3565,162,165888,398,398,166286
train,3566,90,92160,208,208,92368
train,3567,85,87040,213,213,87253
train,3568,11,11264,22,22,11286
train,3569,157,160768,410,410,161178
train,3570,41,41984,91,91,42075
train,3571,32,32768,76,76,32844
train,3572,45,46080,103,103,46183
train,3573,46,47104,105,105,47209
train,3574,177,181248,454,454,181702
train,3575,109,111616,278,278,111894
train,3576,22,22528,45,45,22573
train,3577,19,19456,43,43,19499
train,3578,36,36864,82,82,36946
train,3579,25,25600,50,50,25650
train,3580,74,75776,181,181,75957
train,3581,24,24576,51,51,24627
train,3582,50,51200,112,112,51312
train,3583,27,27648,58,58,27706
train,3584,115,117760,288,288,118048
train,3585,142,145408,344,344,145752
train,3586,81,82944,187,187,83131
train,3587,213,218112,590,590,218702
train,3588,161,164864,417,417,165281
train,3589,46,47104,99,99,47203
train,3590,30,30720,67,67,30787
train,3591,58,59392,130,130,59522
train,3592,58,59392,138,138,59530
train,3593,22,22528,55,55,22583
train,3594,50,51200,111,111,51311
train,3595,56,57344,129,129,57473
train,3596,46,47104,100,100,47204
train,3597,67,68608,163,163,68771
train,3598,51,52224,117,117,52341
train,3599,17,17408,33,33,17441
train,3600,103,105472,257,257,105729
train,3601,139,142336,342,342,142678
train,3602,27,27648,65,65,27713
train,3603,27,27648,59,59,27707
train,3604,68,69632,156,156,69788
train,3605,103,105472,266,266,105738
train,3606,67,68608,153,153,68761
train,3607,182,186368,533,533,186901
train,3608,43,44032,94,94,44126
train,3609,73,74752,172,172,74924
train,3610,124,126976,334,334,127310
train,3611,336,344064,972,972,345036
train,3612,65,66560,165,165,66725
train,3613,26,26624,61,61,26685
train,3614,195,199680,538,538,200218
train,3615,59,60416,140,140,60556
train,3616,97,99328,233,233,99561
train,3617,79,80896,192,192,81088
train,3618,40,40960,83,83,41043
train,3619,126,129024,325,325,129349
train,3620,47,48128,111,111,48239
train,3621,80,81920,183,183,82103
train,3622,25,25600,50,50,25650
train,3623,74,75776,172,172,75948
train,3624,67,68608,156,156,68764
train,3625,59,60416,159,159,60575
train,3626,32,32768,65,65,32833
train,3627,72,73728,174,174,73902
train,3628,42,43008,91,91,43099
train,3629,70,71680,171,171,71851
train,3630,28,28672,64,64,28736
train,3631,38,38912,84,84,38996
train,3632,52,53248,115,115,53363
train,3633,12,12288,24,24,12312
train,3634,54,55296,123,123,55419
train,3635,27,27648,57,57,27705
train,3636,131,134144,336,336,134480
train,3637,49,50176,108,108,50284
train,3638,27,27648,57,57,27705
train,3639,383,392192,1075,1075,393267
train,3640,17,17408,34,34,17442
train,3641,66,67584,148,148,67732
train,3642,103,105472,256,256,105728
train,3643,23,23552,46,46,23598
train,3644,25,25600,51,51,25651
train,3645,48,49152,105,105,49257
train,3646,19,19456,41,41,19497
train,3647,15,15360,29,29,15389
train,3648,84,86016,185,185,86201
train,3649,75,76800,177,177,76977
train,3650,20,20480,41,41,20521
train,3651,25,25600,55,55,25655
train,3652,39,39936,93,93,40029
train,3653,15,15360,29,29,15389
train,3654,105,107520,257,257,107777
train,3655,34,34816,76,76,34892
train,3656,58,59392,129,129,59521
train,3657,39,39936,87,87,40023
train,3658,20,20480,41,41,20521
train,3659,106,108544,253,253,108797
train,3660,126,129024,328,328,129352
train,3661,14,14336,27,27,14363
train,3662,158,161792,406,406,162198
train,3663,19,19456,37,37,19493
train,3664,48,49152,105,105,49257
train,3665,22,22528,45,45,22573
train,3666,99,101376,252,252,101628
train,3667,32,32768,66,66,32834
train,3668,23,23552,47,47,23599
train,3669,48,49152,104,104,49256
train,3670,183,187392,461,461,187853
train,3671,108,110592,261,261,110853
train,3672,99,101376,263,263,101639
train,3673,23,23552,48,48,23600
train,3674,152,155648,391,391,156039
train,3675,32,32768,69,69,32837
train,3676,128,131072,312,312,131384
train,3677,115,117760,294,294,118054
train,3678,37,37888,84,84,37972
train,3679,22,22528,46,46,22574
train,3680,127,130048,312,312,130360
train,3681,92,94208,223,223,94431
train,3682,60,61440,146,146,61586
train,3683,61,62464,136,136,62600
train,3684,16,16384,31,31,16415
train,3685,78,79872,196,196,80068
train,3686,115,117760,294,294,118054
train,3687,24,24576,49,49,24625
train,3688,17,17408,33,33,17441
train,3689,82,83968,189,189,84157
train,3690,25,25600,51,51,25651
train,3691,70,71680,160,160,71840
train,3692,23,23552,46,46,23598
train,3693,13,13312,25,25,13337
train,3694,90,92160,198,198,92358
train,3695,69,70656,166,166,70822
train,3696,43,44032,105,105,44137
train,3697,56,57344,126,126,57470
train,3698,41,41984,96,96,42080
train,3699,24,24576,49,49,24625
train,3700,37,37888,76,76,37964
train,3701,22,22528,45,45,22573
train,3702,24,24576,49,49,24625
train,3703,49,50176,112,112,50288
train,3704,65,66560,141,141,66701
train,3705,111,113664,279,279,113943
train,3706,33,33792,73,73,33865
train,3707,112,114688,290,290,114978
train,3708,16,16384,32,32,16416
train,3709,135,138240,328,328,138568
train,3710,39,39936,96,96,40032
train,3711,50,51200,117,117,51317
train,3712,122,124928,302,302,125230
train,3713,77,78848,194,194,79042
train,3714,27,27648,60,60,27708
train,3715,24,24576,57,57,24633
train,3716,27,27648,54,54,27702
train,3717,26,26624,58,58,26682
train,3718,14,14336,27,27,14363
train,3719,120,122880,313,313,123193
train,3720,70,71680,160,160,71840
train,3721,35,35840,85,85,35925
train,3722,24,24576,49,49,24625
train,3723,51,52224,112,112,52336
train,3724,31,31744,78,78,31822
train,3725,46,47104,122,122,47226
train,3726,55,56320,128,128,56448
train,3727,37,37888,85,85,37973
train,3728,155,158720,406,406,159126
train,3729,96,98304,238,238,98542
train,3730,53,54272,129,129,54401
train,3731,32,32768,70,70,32838
train,3732,55,56320,124,124,56444
train,3733,48,49152,113,113,49265
train,3734,326,333824,902,902,334726
train,3735,42,43008,98,98,43106
train,3736,133,136192,351,351,136543
train,3737,20,20480,45,45,20525
train,3738,49,50176,129,129,50305
train,3739,100,102400,230,230,102630
train,3740,133,136192,341,341,136533
train,3741,12,12288,23,23,12311
train,3742,20,20480,47,47,20527
train,3743,50,51200,113,113,51313
train,3744,37,37888,96,96,37984
train,3745,118,120832,293,293,121125
train,3746,67,68608,155,155,68763
train,3747,125,128000,326,326,128326
train,3748,24,24576,49,49,24625
train,3749,13,13312,26,26,13338
train,3750,41,41984,88,88,42072
train,3751,70,71680,165,165,71845
train,3752,27,27648,56,56,27704
train,3753,65,66560,150,150,66710
train,3754,21,21504,51,51,21555
train,3755,97,99328,238,238,99566
train,3756,33,33792,66,66,33858
train,3757,29,29696,66,66,29762
train,3758,27,27648,61,61,27709
train,3759,69,70656,153,153,70809
train,3760,396,405504,1141,1141,406645
train,3761,293,300032,829,829,300861
train,3762,28,28672,57,57,28729
train,3763,39,39936,86,86,40022
train,3764,32,32768,68,68,32836
train,3765,168,172032,436,436,172468
train,3766,192,196608,495,495,197103
train,3767,84,86016,214,214,86230
train,3768,123,125952,304,304,126256
train,3769,21,21504,44,44,21548
train,3770,24,24576,49,49,24625
train,3771,94,96256,236,236,96492
train,3772,21,21504,45,45,21549
train,3773,41,41984,92,92,42076
train,3774,28,28672,63,63,28735
train,3775,45,46080,102,102,46182
train,3776,70,71680,162,162,71842
train,3777,76,77824,187,187,78011
train,3778,34,34816,83,83,34899
train,3779,43,44032,91,91,44123
train,3780,89,91136,216,216,91352
train,3781,67,68608,160,160,68768
train,3782,49,50176,107,107,50283
train,3783,131,134144,320,320,134464
train,3784,18,18432,36,36,18468
train,3785,39,39936,96,96,40032
train,3786,46,47104,117,117,47221
train,3787,149,152576,376,376,152952
train,3788,40,40960,86,86,41046
train,3789,120,122880,269,269,123149
train,3790,85,87040,197,197,87237
train,3791,137,140288,365,365,140653
train,3792,80,81920,200,200,82120
train,3793,86,88064,208,208,88272
train,3794,184,188416,481,481,188897
train,3795,81,82944,196,196,83140
train,3796,42,43008,90,90,43098
train,3797,63,64512,144,144,64656
train,3798,25,25600,52,52,25652
train,3799,25,25600,54,54,25654
train,3800,27,27648,62,62,27710
train,3801,91,93184,205,205,93389
train,3802,15,15360,35,35,15395
train,3803,16,16384,32,32,16416
train,3804,25,25600,50,50,25650
train,3805,47,48128,102,102,48230
train,3806,52,53248,120,120,53368
train,3807,67,68608,159,159,68767
train,3808,41,41984,90,90,42074
train,3809,124,126976,306,306,127282
train,3810,102,104448,244,244,104692
train,3811,69,70656,160,160,70816
train,3812,12,12288,23,23,12311
train,3813,48,49152,121,121,49273
train,3814,108,110592,271,271,110863
train,3815,87,89088,209,209,89297
train,3816,133,136192,331,331,136523
train,3817,41,41984,93,93,42077
train,3818,28,28672,65,65,28737
train,3819,40,40960,100,100,41060
train,3820,140,143360,333,333,143693
train,3821,74,75776,172,172,75948
train,3822,214,219136,569,569,219705
train,3823,13,13312,25,25,13337
train,3824,74,75776,176,176,75952
train,3825,18,18432,35,35,18467
train,3826,73,74752,173,173,74925
train,3827,67,68608,162,162,68770
train,3828,46,47104,106,106,47210
train,3829,193,197632,490,490,198122
train,3830,10,10240,19,19,10259
train,3831,327,334848,888,888,335736
train,3832,14,14336,27,27,14363
train,3833,52,53248,123,123,53371
train,3834,54,55296,118,118,55414
train,3835,46,47104,109,109,47213
train,3836,28,28672,63,63,28735
train,3837,106,108544,271,271,108815
train,3838,54,55296,126,126,55422
train,3839,27,27648,60,60,27708
train,3840,78,79872,180,180,80052
train,3841,77,78848,187,187,79035
train,3842,10,10240,19,19,10259
train,3843,30,30720,69,69,30789
train,3844,39,39936,80,80,40016
train,3845,36,36864,84,84,36948
train,3846,185,189440,487,487,189927
train,3847,46,47104,104,104,47208
train,3848,44,45056,98,98,45154
train,3849,227,232448,587,587,233035
train,3850,28,28672,57,57,28729
train,3851,24,24576,48,48,24624
train,3852,138,141312,333,333,141645
train,3853,42,43008,97,97,43105
train,3854,31,31744,66,66,31810
train,3855,11,11264,21,21,11285
train,3856,113,115712,294,294,116006
train,3857,17,17408,37,37,17445
train,3858,25,25600,53,53,25653
train,3859,69,70656,172,172,70828
train,3860,14,14336,28,28,14364
train,3861,14,14336,27,27,14363
train,3862,21,21504,44,44,21548
train,3863,82,83968,199,199,84167
train,3864,141,144384,351,351,144735
train,3865,33,33792,72,72,33864
train,3866,47,48128,104,104,48232
train,3867,35,35840,82,82,35922
train,3868,35,35840,85,85,35925
train,3869,47,48128,104,104,48232
train,3870,27,27648,55,55,27703
train,3871,17,17408,34,34,17442
train,3872,48,49152,107,107,49259
train,3873,39,39936,81,81,40017
train,3874,258,264192,710,710,264902
train,3875,16,16384,32,32,16416
train,3876,59,60416,140,140,60556
train,3877,38,38912,79,79,38991
train,3878,115,117760,298,298,118058
train,3879,76,77824,187,187,78011
train,3880,27,27648,63,63,27711
train,3881,20,20480,40,40,20520
train,3882,14,14336,27,27,14363
train,3883,118,120832,290,290,121122
train,3884,12,12288,23,23,12311
train,3885,336,344064,988,988,345052
train,3886,21,21504,43,43,21547
train,3887,31,31744,65,65,31809
train,3888,35,35840,82,82,35922
train,3889,74,75776,175,175,75951
train,3890,22,22528,54,54,22582
train,3891,35,35840,72,72,35912
train,3892,80,81920,195,195,82115
train,3893,225,230400,616,616,231016
train,3894,97,99328,227,227,99555
train,3895,20,20480,46,46,20526
train,3896,24,24576,48,48,24624
train,3897,30,30720,67,67,30787
train,3898,68,69632,170,170,69802
train,3899,202,206848,573,573,207421
train,3900,48,49152,107,107,49259
train,3901,76,77824,181,181,78005
train,3902,58,59392,130,130,59522
train,3903,62,63488,138,138,63626
train,3904,28,28672,64,64,28736
train,3905,18,18432,35,35,18467
train,3906,154,157696,386,386,158082
train,3907,132,135168,318,318,135486
train,3908,24,24576,50,50,24626
train,3909,75,76800,187,187,76987
train,3910,20,20480,45,45,20525
train,3911,30,30720,70,70,30790
train,3912,46,47104,107,107,47211
train,3913,114,116736,334,334,117070
train,3914,76,77824,175,175,77999
train,3915,133,136192,358,358,136550
train,3916,85,87040,204,204,87244
train,3917,51,52224,132,132,52356
train,3918,147,150528,372,372,150900
train,3919,177,181248,497,497,181745
train,3920,165,168960,424,424,169384
train,3921,22,22528,45,45,22573
train,3922,17,17408,36,36,17444
train,3923,17,17408,34,34,17442
train,3924,84,86016,196,196,86212
train,3925,46,47104,98,98,47202
train,3926,107,109568,272,272,109840
train,3927,26,26624,54,54,26678
train,3928,49,50176,104,104,50280
train,3929,53,54272,126,126,54398
train,3930,61,62464,143,143,62607
train,3931,121,123904,314,314,124218
train,3932,40,40960,101,101,41061
train,3933,27,27648,55,55,27703
train,3934,77,78848,171,171,79019
train,3935,215,220160,613,613,220773
train,3936,22,22528,49,49,22577
train,3937,26,26624,52,52,26676
train,3938,25,25600,51,51,25651
train,3939,39,39936,86,86,40022
train,3940,175,179200,450,450,179650
train,3941,27,27648,57,57,27705
train,3942,337,345088,964,964,346052
train,3943,22,22528,44,44,22572
train,3944,70,71680,163,163,71843
train,3945,83,84992,210,210,85202
train,3946,71,72704,165,165,72869
train,3947,11,11264,22,22,11286
train,3948,27,27648,62,62,27710
train,3949,15,15360,29,29,15389
train,3950,12,12288,23,23,12311
train,3951,49,50176,110,110,50286
train,3952,35,35840,75,75,35915
train,3953,63,64512,146,146,64658
train,3954,26,26624,52,52,26676
train,3955,136,139264,343,343,139607
train,3956,146,149504,363,363,149867
train,3957,96,98304,217,217,98521
train,3958,17,17408,38,38,17446
train,3959,76,77824,166,166,77990
train,3960,28,28672,64,64,28736
train,3961,23,23552,49,49,23601
train,3962,26,26624,56,56,26680
train,3963,161,164864,447,447,165311
train,3964,47,48128,103,103,48231
train,3965,19,19456,44,44,19500
train,3966,64,65536,159,159,65695
train,3967,59,60416,146,146,60562
train,3968,75,76800,184,184,76984
train,3969,52,53248,125,125,53373
train,3970,94,96256,229,229,96485
train,3971,27,27648,61,61,27709
train,3972,80,81920,188,188,82108
train,3973,79,80896,194,194,81090
train,3974,27,27648,57,57,27705
train,3975,83,84992,191,191,85183
train,3976,93,95232,215,215,95447
train,3977,88,90112,212,212,90324
train,3978,79,80896,185,185,81081
train,3979,31,31744,76,76,31820
train,3980,51,52224,112,112,52336
train,3981,34,34816,79,79,34895
train,3982,94,96256,225,225,96481
train,3983,72,73728,176,176,73904
train,3984,41,41984,99,99,42083
train,3985,75,76800,174,174,76974
train,3986,130,133120,340,340,133460
train,3987,38,38912,88,88,39000
train,3988,24,24576,55,55,24631
train,3989,48,49152,111,111,49263
train,3990,185,189440,503,503,189943
train,3991,20,20480,40,40,20520
train,3992,170,174080,442,442,174522
train,3993,125,128000,323,323,128323
train,3994,75,76800,177,177,76977
train,3995,110,112640,305,305,112945
train,3996,71,72704,170,170,72874
train,3997,25,25600,51,51,25651
train,3998,20,20480,39,39,20519
train,3999,53,54272,115,115,54387
train,4000,80,81920,180,180,82100
train,4001,65,66560,154,154,66714
train,4002,22,22528,44,44,22572
train,4003,58,59392,122,122,59514
train,4004,60,61440,139,139,61579
train,4005,41,41984,99,99,42083
train,4006,29,29696,68,68,29764
train,4007,143,146432,345,345,146777
train,4008,32,32768,70,70,32838
train,4009,32,32768,84,84,32852
train,4010,59,60416,134,134,60550
train,4011,109,111616,278,278,111894
train,4012,12,12288,23,23,12311
train,4013,33,33792,75,75,33867
train,4014,235,240640,639,639,241279
train,4015,37,37888,83,83,37971
train,4016,97,99328,232,232,99560
train,4017,56,57344,144,144,57488
train,4018,70,71680,165,165,71845
train,4019,23,23552,47,47,23599
train,4020,63,64512,150,150,64662
train,4021,102,104448,260,260,104708
train,4022,60,61440,146,146,61586
train,4023,62,63488,141,141,63629
train,4024,354,362496,997,997,363493
train,4025,32,32768,69,69,32837
train,4026,138,141312,347,347,141659
train,4027,34,34816,83,83,34899
train,4028,163,166912,405,405,167317
train,4029,49,50176,111,111,50287
train,4030,54,55296,127,127,55423
train,4031,63,64512,149,149,64661
train,4032,28,28672,59,59,28731
train,4033,31,31744,63,63,31807
train,4034,42,43008,101,101,43109
train,4035,18,18432,40,40,18472
train,4036,224,229376,631,631,230007
train,4037,45,46080,109,109,46189
train,4038,115,117760,301,301,118061
train,4039,48,49152,113,113,49265
train,4040,21,21504,46,46,21550
train,4041,56,57344,121,121,57465
train,4042,82,83968,202,202,84170
train,4043,107,109568,261,261,109829
train,4044,332,339968,980,980,340948
train,4045,82,83968,202,202,84170
train,4046,197,201728,515,515,202243
train,4047,19,19456,42,42,19498
train,4048,59,60416,136,136,60552
train,4049,45,46080,114,114,46194
train,4050,42,43008,98,98,43106
train,4051,70,71680,173,173,71853
train,4052,139,142336,389,389,142725
train,4053,91,93184,227,227,93411
train,4054,43,44032,102,102,44134
train,4055,49,50176,108,108,50284
train,4056,50,51200,116,116,51316
train,4057,104,106496,260,260,106756
train,4058,25,25600,56,56,25656
train,4059,63,64512,149,149,64661
train,4060,171,175104,440,440,175544
train,4061,10,10240,20,20,10260
train,4062,29,29696,65,65,29761
train,4063,74,75776,180,180,75956
train,4064,82,83968,199,199,84167
train,4065,81,82944,218,218,83162
train,4066,205,209920,519,519,210439
train,4067,110,112640,269,269,112909
train,4068,205,209920,551,551,210471
train,4069,43,44032,93,93,44125
train,4070,38,38912,84,84,38996
train,4071,48,49152,111,111,49263
train,4072,11,11264,21,21,11285
train,4073,25,25600,58,58,25658
train,4074,198,202752,560,560,203312
train,4075,54,55296,120,120,55416
train,4076,202,206848,547,547,207395
train,4077,72,73728,173,173,73901
train,4078,24,24576,49,49,24625
train,4079,128,131072,331,331,131403
train,4080,27,27648,61,61,27709
train,4081,22,22528,43,43,22571
train,4082,44,45056,96,96,45152
train,4083,49,50176,115,115,50291
train,4084,102,104448,250,250,104698
train,4085,41,41984,89,89,42073
train,4086,274,280576,742,742,281318
train,4087,24,24576,50,50,24626
train,4088,72,73728,171,171,73899
train,4089,82,83968,191,191,84159
train,4090,44,45056,96,96,45152
train,4091,30,30720,69,69,30789
train,4092,13,13312,25,25,13337
train,4093,158,161792,370,370,162162
train,4094,221,226304,665,665,226969
train,4095,33,33792,70,70,33862
train,4096,29,29696,64,64,29760
train,4097,60,61440,127,127,61567
train,4098,66,67584,160,160,67744
train,4099,118,120832,289,289,121121
train,4100,69,70656,166,166,70822
train,4101,26,26624,52,52,26676
train,4102,68,69632,164,164,69796
train,4103,71,72704,157,157,72861
train,4104,23,23552,58,58,23610
train,4105,41,41984,87,87,42071
train,4106,181,185344,482,482,185826
train,4107,59,60416,132,132,60548
train,4108,85,87040,198,198,87238
train,4109,150,153600,420,420,154020
train,4110,84,86016,206,206,86222
train,4111,23,23552,46,46,23598
train,4112,133,136192,337,337,136529
train,4113,43,44032,95,95,44127
train,4114,107,109568,263,263,109831
train,4115,257,263168,716,716,263884
train,4116,210,215040,627,627,215667
train,4117,110,112640,255,255,112895
train,4118,123,125952,331,331,126283
train,4119,215,220160,576,576,220736
train,4120,80,81920,186,186,82106
train,4121,21,21504,41,41,21545
train,4122,134,137216,331,331,137547
train,4123,41,41984,88,88,42072
train,4124,65,66560,155,155,66715
train,4125,23,23552,47,47,23599
train,4126,24,24576,50,50,24626
train,4127,107,109568,256,256,109824
train,4128,27,27648,65,65,27713
train,4129,313,320512,865,865,321377
train,4130,74,75776,187,187,75963
train,4131,79,80896,185,185,81081
train,4132,117,119808,284,284,120092
train,4133,70,71680,154,154,71834
train,4134,16,16384,32,32,16416
train,4135,38,38912,86,86,38998
train,4136,75,76800,164,164,76964
train,4137,137,140288,355,355,140643
train,4138,43,44032,100,100,44132
train,4139,98,100352,250,250,100602
train,4140,192,196608,535,535,197143
train,4141,67,68608,157,157,68765
train,4142,111,113664,268,268,113932
train,4143,55,56320,124,124,56444
train,4144,50,51200,119,119,51319
train,4145,143,146432,340,340,146772
train,4146,57,58368,134,134,58502
train,4147,63,64512,144,144,64656
train,4148,48,49152,104,104,49256
train,4149,105,107520,275,275,107795
train,4150,105,107520,288,288,107808
train,4151,156,159744,377,377,160121
train,4152,63,64512,140,140,64652
train,4153,14,14336,28,28,14364
train,4154,56,57344,127,127,57471
train,4155,16,16384,37,37,16421
train,4156,86,88064,213,213,88277
train,4157,43,44032,97,97,44129
train,4158,177,181248,453,453,181701
train,4159,39,39936,80,80,40016
train,4160,34,34816,73,73,34889
train,4161,72,73728,178,178,73906
train,4162,27,27648,60,60,27708
train,4163,32,32768,73,73,32841
train,4164,33,33792,71,71,33863
train,4165,35,35840,79,79,35919
train,4166,146,149504,371,371,149875
train,4167,76,77824,179,179,78003
train,4168,18,18432,40,40,18472
train,4169,22,22528,44,44,22572
train,4170,25,25600,51,51,25651
train,4171,73,74752,177,177,74929
train,4172,43,44032,96,96,44128
train,4173,50,51200,109,109,51309
train,4174,59,60416,129,129,60545
train,4175,51,52224,134,134,52358
train,4176,37,37888,85,85,37973
train,4177,23,23552,48,48,23600
train,4178,28,28672,59,59,28731
train,4179,48,49152,122,122,49274
train,4180,205,209920,585,585,210505
train,4181,73,74752,186,186,74938
train,4182,47,48128,116,116,48244
train,4183,34,34816,83,83,34899
train,4184,108,110592,258,258,110850
train,4185,107,109568,267,267,109835
train,4186,223,228352,589,589,228941
train,4187,53,54272,117,117,54389
train,4188,81,82944,198,198,83142
train,4189,108,110592,267,267,110859
train,4190,108,110592,269,269,110861
train,4191,52,53248,112,112,53360
train,4192,30,30720,68,68,30788
train,4193,57,58368,128,128,58496
train,4194,43,44032,93,93,44125
train,4195,19,19456,41,41,19497
train,4196,18,18432,35,35,18467
train,4197,44,45056,99,99,45155
train,4198,54,55296,114,114,55410
train,4199,40,40960,91,91,41051
train,4200,411,420864,1159,1159,422023
train,4201,76,77824,189,189,78013
train,4202,74,75776,174,174,75950
train,4203,265,271360,729,729,272089
train,4204,83,84992,202,202,85194
train,4205,55,56320,133,133,56453
train,4206,70,71680,164,164,71844
train,4207,35,35840,75,75,35915
train,4208,29,29696,61,61,29757
train,4209,24,24576,48,48,24624
train,4210,28,28672,72,72,28744
train,4211,31,31744,69,69,31813
train,4212,42,43008,96,96,43104
train,4213,267,273408,716,716,274124
train,4214,42,43008,101,101,43109
train,4215,41,41984,88,88,42072
train,4216,84,86016,209,209,86225
train,4217,13,13312,26,26,13338
train,4218,43,44032,99,99,44131
train,4219,227,232448,645,645,233093
train,4220,31,31744,67,67,31811
train,4221,38,38912,87,87,38999
train,4222,34,34816,77,77,34893
train,4223,39,39936,92,92,40028
train,4224,24,24576,52,52,24628
train,4225,76,77824,188,188,78012
train,4226,35,35840,75,75,35915
train,4227,28,28672,58,58,28730
train,4228,37,37888,80,80,37968
train,4229,75,76800,174,174,76974
train,4230,37,37888,76,76,37964
train,4231,135,138240,359,359,138599
train,4232,329,336896,964,964,337860
train,4233,81,82944,197,197,83141
train,4234,44,45056,94,94,45150
train,4235,24,24576,49,49,24625
train,4236,24,24576,58,58,24634
train,4237,60,61440,139,139,61579
train,4238,37,37888,84,84,37972
train,4239,25,25600,60,60,25660
train,4240,161,164864,413,413,165277
train,4241,58,59392,122,122,59514
train,4242,59,60416,132,132,60548
train,4243,147,150528,375,375,150903
train,4244,48,49152,103,103,49255
train,4245,28,28672,64,64,28736
train,4246,64,65536,165,165,65701
train,4247,32,32768,76,76,32844
train,4248,23,23552,48,48,23600
train,4249,45,46080,102,102,46182
train,4250,21,21504,45,45,21549
train,4251,50,51200,118,118,51318
train,4252,13,13312,25,25,13337
train,4253,178,182272,471,471,182743
train,4254,166,169984,443,443,170427
train,4255,57,58368,142,142,58510
train,4256,116,118784,301,301,119085
train,4257,70,71680,174,174,71854
train,4258,32,32768,67,67,32835
train,4259,55,56320,141,141,56461
train,4260,102,104448,258,258,104706
train,4261,23,23552,47,47,23599
train,4262,63,64512,143,143,64655
train,4263,21,21504,48,48,21552
train,4264,14,14336,27,27,14363
train,4265,72,73728,159,159,73887
train,4266,89,91136,209,209,91345
train,4267,31,31744,70,70,31814
train,4268,114,116736,274,274,117010
train,4269,28,28672,58,58,28730
train,4270,132,135168,353,353,135521
train,4271,48,49152,111,111,49263
train,4272,133,136192,301,301,136493
train,4273,41,41984,91,91,42075
train,4274,79,80896,198,198,81094
train,4275,54,55296,126,126,55422
train,4276,13,13312,25,25,13337
train,4277,36,36864,78,78,36942
train,4278,94,96256,223,223,96479
train,4279,97,99328,248,248,99576
train,4280,32,32768,70,70,32838
train,4281,38,38912,94,94,39006
train,4282,75,76800,177,177,76977
train,4283,21,21504,44,44,21548
train,4284,54,55296,120,120,55416
train,4285,91,93184,209,209,93393
train,4286,59,60416,139,139,60555
train,4287,71,72704,159,159,72863
train,4288,76,77824,179,179,78003
train,4289,28,28672,66,66,28738
train,4290,131,134144,329,329,134473
train,4291,253,259072,713,713,259785
train,4292,123,125952,292,292,126244
train,4293,40,40960,92,92,41052
train,4294,71,72704,175,175,72879
train,4295,302,309248,819,819,310067
train,4296,128,131072,325,325,131397
train,4297,67,68608,180,180,68788
train,4298,121,123904,287,287,124191
train,4299,106,108544,260,260,108804
train,4300,36,36864,73,73,36937
train,4301,48,49152,111,111,49263
train,4302,11,11264,22,22,11286
train,4303,111,113664,269,269,113933
train,4304,130,133120,328,328,133448
train,4305,135,138240,341,341,138581
train,4306,82,83968,189,189,84157
train,4307,316,323584,908,908,324492
train,4308,140,143360,378,378,143738
train,4309,58,59392,155,155,59547
train,4310,64,65536,150,150,65686
train,4311,48,49152,105,105,49257
train,4312,53,54272,119,119,54391
train,4313,24,24576,55,55,24631
train,4314,25,25600,50,50,25650
train,4315,49,50176,101,101,50277
train,4316,31,31744,73,73,31817
train,4317,105,107520,265,265,107785
train,4318,110,112640,284,284,112924
train,4319,126,129024,318,318,129342
train,4320,14,14336,28,28,14364
train,4321,22,22528,44,44,22572
train,4322,39,39936,83,83,40019
train,4323,74,75776,168,168,75944
train,4324,89,91136,206,206,91342
train,4325,38,38912,90,90,39002
train,4326,48,49152,103,103,49255
train,4327,66,67584,147,147,67731
train,4328,59,60416,148,148,60564
train,4329,63,64512,147,147,64659
train,4330,56,57344,122,122,57466
train,4331,52,53248,120,120,53368
train,4332,39,39936,96,96,40032
train,4333,76,77824,176,176,78000
train,4334,16,16384,32,32,16416
train,4335,266,272384,738,738,273122
train,4336,63,64512,144,144,64656
train,4337,90,92160,210,210,92370
train,4338,71,72704,161,161,72865
train,4339,135,138240,336,336,138576
train,4340,30,30720,62,62,30782
train,4341,54,55296,137,137,55433
train,4342,117,119808,284,284,120092
train,4343,26,26624,61,61,26685
train,4344,50,51200,121,121,51321
train,4345,46,47104,106,106,47210
train,4346,15,15360,31,31,15391
train,4347,63,64512,143,143,64655
train,4348,145,148480,373,373,148853
train,4349,39,39936,85,85,40021
train,4350,196,200704,533,533,201237
train,4351,23,23552,46,46,23598
train,4352,48,49152,104,104,49256
train,4353,13,13312,25,25,13337
train,4354,132,135168,355,355,135523
train,4355,16,16384,31,31,16415
train,4356,11,11264,21,21,11285
train,4357,366,374784,1074,1074,375858
train,4358,49,50176,118,118,50294
train,4359,55,56320,136,136,56456
train,4360,55,56320,128,128,56448
train,4361,49,50176,107,107,50283
train,4362,80,81920,182,182,82102
train,4363,29,29696,60,60,29756
train,4364,14,14336,27,27,14363
train,4365,56,57344,122,122,57466
train,4366,56,57344,124,124,57468
train,4367,15,15360,30,30,15390
train,4368,119,121856,309,309,122165
train,4369,72,73728,167,167,73895
train,4370,290,296960,867,867,297827
train,4371,88,90112,216,216,90328
train,4372,56,57344,146,146,57490
train,4373,176,180224,444,444,180668
train,4374,170,174080,428,428,174508
train,4375,16,16384,31,31,16415
train,4376,59,60416,129,129,60545
train,4377,55,56320,120,120,56440
train,4378,51,52224,110,110,52334
train,4379,50,51200,119,119,51319
train,4380,40,40960,91,91,41051
train,4381,25,25600,57,57,25657
train,4382,139,142336,346,346,142682
train,4383,113,115712,260,260,115972
train,4384,63,64512,147,147,64659
train,4385,99,101376,241,241,101617
train,4386,79,80896,178,178,81074
train,4387,65,66560,143,143,66703
validation,0,32,32768,70,70,32838
validation,1,55,56320,124,124,56444
validation,2,39,39936,94,94,40030
validation,3,35,35840,83,83,35923
validation,4,26,26624,61,61,26685
validation,5,45,46080,98,98,46178
validation,6,23,23552,48,48,23600
validation,7,64,65536,148,148,65684
validation,8,37,37888,79,79,37967
validation,9,23,23552,47,47,23599
validation,10,40,40960,93,93,41053
validation,11,28,28672,57,57,28729
validation,12,14,14336,27,27,14363
validation,13,19,19456,41,41,19497
validation,14,70,71680,163,163,71843
validation,15,85,87040,205,205,87245
validation,16,56,57344,129,129,57473
validation,17,25,25600,52,52,25652
validation,18,20,20480,39,39,20519
validation,19,67,68608,157,157,68765
validation,20,65,66560,154,154,66714
validation,21,241,246784,642,642,247426
validation,22,74,75776,173,173,75949
validation,23,16,16384,32,32,16416
validation,24,211,216064,553,553,216617
validation,25,21,21504,51,51,21555
validation,26,33,33792,72,72,33864
validation,27,69,70656,155,155,70811
validation,28,88,90112,202,202,90314
validation,29,99,101376,265,265,101641
validation,30,35,35840,75,75,35915
validation,31,110,112640,287,287,112927
validation,32,22,22528,44,44,22572
validation,33,17,17408,33,33,17441
validation,34,43,44032,92,92,44124
validation,35,41,41984,94,94,42078
validation,36,40,40960,88,88,41048
validation,37,15,15360,30,30,15390
validation,38,374,382976,1056,1056,384032
validation,39,218,223232,583,583,223815
validation,40,48,49152,111,111,49263
validation,41,225,230400,605,605,231005
validation,42,156,159744,415,415,160159
validation,43,60,61440,133,133,61573
validation,44,119,121856,307,307,122163
validation,45,194,198656,504,504,199160
validation,46,49,50176,108,108,50284
validation,47,40,40960,82,82,41042
validation,48,65,66560,147,147,66707
validation,49,59,60416,129,129,60545
validation,50,41,41984,101,101,42085
validation,51,51,52224,122,122,52346
validation,52,24,24576,53,53,24629
validation,53,317,324608,927,927,325535
validation,54,31,31744,67,67,31811
validation,55,49,50176,117,117,50293
validation,56,34,34816,76,76,34892
validation,57,16,16384,35,35,16419
validation,58,136,139264,361,361,139625
validation,59,308,315392,879,879,316271
validation,60,55,56320,128,128,56448
validation,61,84,86016,192,192,86208
validation,62,44,45056,103,103,45159
validation,63,13,13312,25,25,13337
validation,64,43,44032,92,92,44124
validation,65,48,49152,109,109,49261
validation,66,47,48128,100,100,48228
validation,67,28,28672,66,66,28738
validation,68,40,40960,94,94,41054
validation,69,41,41984,102,102,42086
validation,70,51,52224,114,114,52338
validation,71,117,119808,329,329,120137
validation,72,346,354304,981,981,355285
validation,73,202,206848,516,516,207364
validation,74,85,87040,229,229,87269
validation,75,101,103424,247,247,103671
validation,76,24,24576,48,48,24624
validation,77,77,78848,183,183,79031
validation,78,180,184320,442,442,184762
validation,79,85,87040,201,201,87241
validation,80,203,207872,554,554,208426
validation,81,11,11264,21,21,11285
validation,82,32,32768,73,73,32841
validation,83,128,131072,316,316,131388
validation,84,34,34816,75,75,34891
validation,85,18,18432,40,40,18472
validation,86,173,177152,454,454,177606
validation,87,114,116736,278,278,117014
validation,88,101,103424,247,247,103671
validation,89,35,35840,85,85,35925
validation,90,40,40960,94,94,41054
validation,91,212,217088,568,568,217656
validation,92,53,54272,122,122,54394
validation,93,49,50176,125,125,50301
validation,94,310,317440,887,887,318327
validation,95,59,60416,133,133,60549
validation,96,21,21504,47,47,21551
validation,97,56,57344,126,126,57470
validation,98,121,123904,312,312,124216
validation,99,21,21504,46,46,21550
validation,100,31,31744,72,72,31816
validation,101,34,34816,69,69,34885
validation,102,181,185344,455,455,185799
validation,103,43,44032,101,101,44133
validation,104,297,304128,840,840,304968
validation,105,181,185344,464,464,185808
validation,106,19,19456,37,37,19493
validation,107,61,62464,149,149,62613
validation,108,98,100352,252,252,100604
validation,109,10,10240,20,20,10260
validation,110,70,71680,159,159,71839
validation,111,121,123904,307,307,124211
validation,112,32,32768,69,69,32837
validation,113,26,26624,53,53,26677
validation,114,38,38912,79,79,38991
validation,115,12,12288,24,24,12312
validation,116,12,12288,24,24,12312
validation,117,342,350208,972,972,351180
validation,118,231,236544,648,648,237192
validation,119,46,47104,110,110,47214
validation,120,90,92160,212,212,92372
validation,121,87,89088,197,197,89285
validation,122,133,136192,359,359,136551
validation,123,32,32768,66,66,32834
validation,124,86,88064,197,197,88261
validation,125,288,294912,878,878,295790
validation,126,37,37888,82,82,37970
validation,127,88,90112,201,201,90313
validation,128,180,184320,483,483,184803
validation,129,388,397312,1098,1098,398410
validation,130,51,52224,119,119,52343
validation,131,111,113664,285,285,113949
validation,132,58,59392,141,141,59533
validation,133,242,247808,611,611,248419
validation,134,59,60416,128,128,60544
validation,135,111,113664,270,270,113934
validation,136,55,56320,132,132,56452
validation,137,38,38912,81,81,38993
validation,138,118,120832,289,289,121121
validation,139,59,60416,144,144,60560
validation,140,118,120832,292,292,121124
validation,141,54,55296,124,124,55420
validation,142,91,93184,220,220,93404
validation,143,66,67584,151,151,67735
validation,144,204,208896,553,553,209449
validation,145,69,70656,153,153,70809
validation,146,13,13312,25,25,13337
validation,147,70,71680,162,162,71842
validation,148,18,18432,40,40,18472
validation,149,31,31744,74,74,31818
validation,150,26,26624,55,55,26679
validation,151,323,330752,893,893,331645
validation,152,130,133120,346,346,133466
validation,153,157,160768,411,411,161179
validation,154,268,274432,769,769,275201
validation,155,47,48128,104,104,48232
validation,156,405,414720,1124,1124,415844
validation,157,49,50176,124,124,50300
validation,158,95,97280,242,242,97522
validation,159,14,14336,28,28,14364
validation,160,87,89088,219,219,89307
validation,161,85,87040,209,209,87249
validation,162,52,53248,123,123,53371
validation,163,38,38912,82,82,38994
validation,164,53,54272,120,120,54392
validation,165,69,70656,170,170,70826
validation,166,27,27648,55,55,27703
validation,167,11,11264,21,21,11285
validation,168,79,80896,169,169,81065
validation,169,204,208896,560,560,209456
validation,170,60,61440,131,131,61571
validation,171,113,115712,269,269,115981
validation,172,24,24576,55,55,24631
validation,173,64,65536,152,152,65688
validation,174,55,56320,119,119,56439
validation,175,73,74752,178,178,74930
validation,176,54,55296,132,132,55428
validation,177,48,49152,113,113,49265
validation,178,61,62464,149,149,62613
validation,179,25,25600,51,51,25651
validation,180,131,134144,338,338,134482
validation,181,37,37888,91,91,37979
validation,182,95,97280,242,242,97522
validation,183,131,134144,312,312,134456
validation,184,23,23552,46,46,23598
validation,185,64,65536,143,143,65679
validation,186,146,149504,399,399,149903
validation,187,29,29696,66,66,29762
validation,188,14,14336,27,27,14363
validation,189,38,38912,88,88,39000
validation,190,20,20480,45,45,20525
validation,191,42,43008,99,99,43107
validation,192,84,86016,190,190,86206
validation,193,24,24576,54,54,24630
validation,194,45,46080,101,101,46181
validation,195,27,27648,55,55,27703
validation,196,23,23552,47,47,23599
validation,197,48,49152,110,110,49262
validation,198,64,65536,153,153,65689
validation,199,25,25600,51,51,25651
validation,200,21,21504,43,43,21547
validation,201,15,15360,30,30,15390
validation,202,22,22528,51,51,22579
validation,203,14,14336,28,28,14364
validation,204,208,212992,536,536,213528
validation,205,34,34816,73,73,34889
validation,206,50,51200,120,120,51320
validation,207,10,10240,20,20,10260
validation,208,35,35840,82,82,35922
validation,209,94,96256,230,230,96486
validation,210,40,40960,89,89,41049
validation,211,23,23552,50,50,23602
validation,212,49,50176,109,109,50285
validation,213,51,52224,122,122,52346
validation,214,94,96256,210,210,96466
validation,215,123,125952,334,334,126286
validation,216,22,22528,45,45,22573
validation,217,47,48128,105,105,48233
validation,218,40,40960,94,94,41054
validation,219,16,16384,31,31,16415
validation,220,65,66560,146,146,66706
validation,221,48,49152,108,108,49260
validation,222,62,63488,146,146,63634
validation,223,51,52224,111,111,52335
validation,224,30,30720,66,66,30786
validation,225,25,25600,58,58,25658
validation,226,38,38912,89,89,39001
validation,227,12,12288,24,24,12312
validation,228,57,58368,125,125,58493
validation,229,54,55296,122,122,55418
validation,230,47,48128,102,102,48230
validation,231,71,72704,170,170,72874
validation,232,86,88064,198,198,88262
validation,233,60,61440,139,139,61579
validation,234,21,21504,48,48,21552
validation,235,9,9216,19,19,9235
validation,236,134,137216,341,341,137557
validation,237,51,52224,129,129,52353
validation,238,26,26624,59,59,26683
validation,239,47,48128,113,113,48241
validation,240,84,86016,199,199,86215
validation,241,45,46080,99,99,46179
validation,242,69,70656,160,160,70816
validation,243,12,12288,23,23,12311
validation,244,58,59392,137,137,59529
validation,245,13,13312,25,25,13337
validation,246,118,120832,287,287,121119
validation,247,24,24576,48,48,24624
validation,248,164,167936,432,432,168368
validation,249,98,100352,238,238,100590
validation,250,51,52224,121,121,52345
validation,251,27,27648,54,54,27702
validation,252,79,80896,184,184,81080
validation,253,48,49152,101,101,49253
validation,254,56,57344,125,125,57469
validation,255,16,16384,31,31,16415
validation,256,131,134144,349,349,134493
validation,257,24,24576,54,54,24630
validation,258,212,217088,528,528,217616
validation,259,164,167936,385,385,168321
validation,260,23,23552,52,52,23604
validation,261,49,50176,112,112,50288
validation,262,45,46080,101,101,46181
validation,263,59,60416,132,132,60548
validation,264,53,54272,123,123,54395
validation,265,21,21504,45,45,21549
validation,266,36,36864,80,80,36944
validation,267,28,28672,61,61,28733
validation,268,46,47104,104,104,47208
validation,269,188,192512,536,536,193048
validation,270,23,23552,54,54,23606
validation,271,53,54272,126,126,54398
validation,272,61,62464,141,141,62605
validation,273,37,37888,93,93,37981
validation,274,73,74752,182,182,74934
validation,275,116,118784,299,299,119083
validation,276,76,77824,176,176,78000
validation,277,148,151552,417,417,151969
validation,278,68,69632,167,167,69799
validation,279,91,93184,208,208,93392
validation,280,14,14336,27,27,14363
validation,281,57,58368,135,135,58503
validation,282,69,70656,163,163,70819
validation,283,39,39936,89,89,40025
validation,284,131,134144,320,320,134464
validation,285,78,79872,179,179,80051
validation,286,81,82944,200,200,83144
validation,287,81,82944,196,196,83140
validation,288,26,26624,52,52,26676
validation,289,12,12288,23,23,12311
validation,290,16,16384,31,31,16415
validation,291,67,68608,165,165,68773
validation,292,31,31744,71,71,31815
validation,293,40,40960,92,92,41052
validation,294,51,52224,119,119,52343
validation,295,19,19456,43,43,19499
validation,296,34,34816,74,74,34890
validation,297,140,143360,339,339,143699
validation,298,20,20480,45,45,20525
validation,299,96,98304,221,221,98525
validation,300,34,34816,82,82,34898
validation,301,234,239616,634,634,240250
validation,302,103,105472,258,258,105730
validation,303,38,38912,91,91,39003
validation,304,47,48128,102,102,48230
validation,305,35,35840,76,76,35916
validation,306,63,64512,145,145,64657
validation,307,23,23552,47,47,23599
validation,308,10,10240,20,20,10260
validation,309,70,71680,168,168,71848
validation,310,154,157696,404,404,158100
validation,311,91,93184,213,213,93397
validation,312,37,37888,78,78,37966
validation,313,121,123904,308,308,124212
validation,314,60,61440,134,134,61574
validation,315,17,17408,33,33,17441
validation,316,43,44032,97,97,44129
validation,317,74,75776,161,161,75937
validation,318,180,184320,463,463,184783
validation,319,10,10240,19,19,10259
validation,320,24,24576,49,49,24625
validation,321,19,19456,38,38,19494
validation,322,187,191488,498,498,191986
validation,323,43,44032,99,99,44131
validation,324,14,14336,28,28,14364
validation,325,49,50176,113,113,50289
validation,326,25,25600,51,51,25651
validation,327,87,89088,200,200,89288
validation,328,76,77824,174,174,77998
validation,329,260,266240,713,713,266953
validation,330,47,48128,114,114,48242
validation,331,75,76800,175,175,76975
validation,332,51,52224,114,114,52338
validation,333,29,29696,59,59,29755
validation,334,130,133120,368,368,133488
validation,335,30,30720,64,64,30784
validation,336,251,257024,670,670,257694
validation,337,30,30720,66,66,30786
validation,338,20,20480,40,40,20520
validation,339,42,43008,94,94,43102
validation,340,16,16384,31,31,16415
validation,341,88,90112,227,227,90339
validation,342,74,75776,176,176,75952
validation,343,59,60416,139,139,60555
validation,344,44,45056,98,98,45154
validation,345,60,61440,136,136,61576
validation,346,137,140288,362,362,140650
validation,347,31,31744,69,69,31813
validation,348,87,89088,213,213,89301
validation,349,40,40960,86,86,41046
validation,350,38,38912,84,84,38996
validation,351,30,30720,70,70,30790
validation,352,77,78848,184,184,79032
validation,353,57,58368,149,149,58517
validation,354,282,288768,774,774,289542
validation,355,117,119808,283,283,120091
validation,356,34,34816,79,79,34895
validation,357,19,19456,42,42,19498
validation,358,24,24576,49,49,24625
validation,359,62,63488,146,146,63634
validation,360,110,112640,282,282,112922
validation,361,62,63488,146,146,63634
validation,362,40,40960,80,80,41040
validation,363,61,62464,135,135,62599
validation,364,35,35840,75,75,35915
validation,365,115,117760,282,282,118042
validation,366,100,102400,265,265,102665
validation,367,196,200704,487,487,201191
validation,368,67,68608,166,166,68774
validation,369,26,26624,53,53,26677
validation,370,162,165888,422,422,166310
validation,371,60,61440,137,137,61577
validation,372,99,101376,245,245,101621
validation,373,24,24576,48,48,24624
validation,374,44,45056,94,94,45150
validation,375,21,21504,47,47,21551
validation,376,169,173056,441,441,173497
validation,377,22,22528,45,45,22573
validation,378,11,11264,22,22,11286
validation,379,127,130048,318,318,130366
validation,380,22,22528,50,50,22578
validation,381,41,41984,97,97,42081
validation,382,111,113664,260,260,113924
validation,383,52,53248,110,110,53358
validation,384,105,107520,259,259,107779
validation,385,233,238592,647,647,239239
validation,386,56,57344,130,130,57474
validation,387,24,24576,51,51,24627
validation,388,82,83968,194,194,84162
validation,389,48,49152,107,107,49259
validation,390,55,56320,138,138,56458
validation,391,27,27648,54,54,27702
validation,392,52,53248,118,118,53366
validation,393,54,55296,119,119,55415
validation,394,56,57344,139,139,57483
validation,395,26,26624,55,55,26679
validation,396,80,81920,188,188,82108
validation,397,157,160768,383,383,161151
validation,398,90,92160,213,213,92373
validation,399,42,43008,91,91,43099
validation,400,27,27648,59,59,27707
validation,401,71,72704,164,164,72868
validation,402,43,44032,107,107,44139
validation,403,48,49152,112,112,49264
validation,404,156,159744,424,424,160168
validation,405,68,69632,164,164,69796
validation,406,22,22528,50,50,22578
validation,407,99,101376,236,236,101612
validation,408,117,119808,300,300,120108
validation,409,22,22528,46,46,22574
validation,410,41,41984,89,89,42073
validation,411,23,23552,47,47,23599
validation,412,42,43008,93,93,43101
validation,413,75,76800,174,174,76974
validation,414,122,124928,300,300,125228
validation,415,7,7168,13,13,7181
validation,416,23,23552,52,52,23604
validation,417,51,52224,126,126,52350
validation,418,21,21504,43,43,21547
validation,419,34,34816,71,71,34887
validation,420,82,83968,211,211,84179
validation,421,44,45056,105,105,45161
validation,422,150,153600,369,369,153969
validation,423,44,45056,93,93,45149
validation,424,103,105472,265,265,105737
validation,425,72,73728,162,162,73890
validation,426,54,55296,118,118,55414
validation,427,134,137216,335,335,137551
validation,428,56,57344,125,125,57469
validation,429,87,89088,215,215,89303
validation,430,74,75776,171,171,75947
validation,431,77,78848,186,186,79034
validation,432,265,271360,706,706,272066
validation,433,22,22528,52,52,22580
validation,434,61,62464,140,140,62604
validation,435,42,43008,97,97,43105
validation,436,48,49152,114,114,49266
validation,437,24,24576,54,54,24630
validation,438,40,40960,88,88,41048
validation,439,11,11264,22,22,11286
validation,440,85,87040,209,209,87249
validation,441,50,51200,110,110,51310
validation,442,62,63488,141,141,63629
validation,443,53,54272,117,117,54389
validation,444,154,157696,392,392,158088
validation,445,17,17408,40,40,17448
validation,446,21,21504,46,46,21550
validation,447,63,64512,141,141,64653
validation,448,35,35840,80,80,35920
validation,449,115,117760,290,290,118050
validation,450,24,24576,55,55,24631
validation,451,15,15360,30,30,15390
validation,452,31,31744,71,71,31815
validation,453,140,143360,341,341,143701
validation,454,76,77824,184,184,78008
validation,455,13,13312,25,25,13337
validation,456,78,79872,190,190,80062
validation,457,38,38912,89,89,39001
validation,458,25,25600,55,55,25655
validation,459,29,29696,60,60,29756
validation,460,33,33792,70,70,33862
validation,461,31,31744,68,68,31812
validation,462,59,60416,128,128,60544
validation,463,123,125952,317,317,126269
validation,464,54,55296,121,121,55417
validation,465,39,39936,88,88,40024
validation,466,127,130048,322,322,130370
validation,467,20,20480,43,43,20523
validation,468,19,19456,41,41,19497
validation,469,36,36864,83,83,36947
validation,470,23,23552,58,58,23610
validation,471,53,54272,121,121,54393
validation,472,76,77824,180,180,78004
validation,473,24,24576,49,49,24625
validation,474,19,19456,38,38,19494
validation,475,11,11264,22,22,11286
validation,476,11,11264,21,21,11285
validation,477,59,60416,141,141,60557
validation,478,217,222208,573,573,222781
validation,479,58,59392,127,127,59519
validation,480,12,12288,23,23,12311
validation,481,40,40960,102,102,41062
validation,482,52,53248,130,130,53378
validation,483,66,67584,148,148,67732
validation,484,90,92160,210,210,92370
validation,485,166,169984,412,412,170396
validation,486,60,61440,145,145,61585
validation,487,31,31744,65,65,31809
validation,488,79,80896,183,183,81079
validation,489,44,45056,103,103,45159
validation,490,14,14336,27,27,14363
validation,491,18,18432,35,35,18467
validation,492,15,15360,29,29,15389
validation,493,69,70656,157,157,70813
validation,494,24,24576,52,52,24628
validation,495,49,50176,111,111,50287
validation,496,20,20480,46,46,20526
validation,497,138,141312,361,361,141673
validation,498,59,60416,140,140,60556
validation,499,74,75776,186,186,75962
validation,500,43,44032,103,103,44135
validation,501,34,34816,76,76,34892
validation,502,134,137216,328,328,137544
validation,503,23,23552,45,45,23597
validation,504,24,24576,57,57,24633
validation,505,59,60416,138,138,60554
validation,506,65,66560,152,152,66712
validation,507,58,59392,138,138,59530
validation,508,242,247808,676,676,248484
validation,509,151,154624,398,398,155022
validation,510,31,31744,67,67,31811
validation,511,154,157696,421,421,158117
validation,512,73,74752,171,171,74923
validation,513,29,29696,64,64,29760
validation,514,59,60416,145,145,60561
validation,515,186,190464,520,520,190984
validation,516,42,43008,98,98,43106
validation,517,224,229376,625,625,230001
validation,518,71,72704,169,169,72873
validation,519,34,34816,82,82,34898
validation,520,83,84992,202,202,85194
validation,521,21,21504,43,43,21547
validation,522,23,23552,51,51,23603
validation,523,20,20480,39,39,20519
validation,524,49,50176,117,117,50293
validation,525,111,113664,285,285,113949
validation,526,99,101376,242,242,101618
validation,527,45,46080,107,107,46187
validation,528,268,274432,668,668,275100
validation,529,13,13312,25,25,13337
validation,530,97,99328,231,231,99559
validation,531,45,46080,105,105,46185
validation,532,41,41984,89,89,42073
validation,533,68,69632,162,162,69794
validation,534,77,78848,179,179,79027
validation,535,122,124928,306,306,125234
validation,536,46,47104,100,100,47204
validation,537,23,23552,45,45,23597
validation,538,65,66560,150,150,66710
validation,539,58,59392,137,137,59529
validation,540,46,47104,105,105,47209
validation,541,165,168960,434,434,169394
validation,542,47,48128,107,107,48235
validation,543,9,9216,17,17,9233
validation,544,20,20480,44,44,20524
validation,545,19,19456,42,42,19498
validation,546,69,70656,160,160,70816
validation,547,57,58368,144,144,58512
validation,548,79,80896,178,178,81074
validation,549,52,53248,121,121,53369
validation,550,38,38912,84,84,38996
validation,551,298,305152,803,803,305955
validation,552,61,62464,142,142,62606
validation,553,45,46080,99,99,46179
validation,554,15,15360,30,30,15390
validation,555,108,110592,258,258,110850
validation,556,48,49152,115,115,49267
validation,557,59,60416,142,142,60558
validation,558,31,31744,67,67,31811
validation,559,63,64512,149,149,64661
validation,560,29,29696,60,60,29756
validation,561,65,66560,153,153,66713
validation,562,60,61440,143,143,61583
validation,563,36,36864,88,88,36952
validation,564,91,93184,209,209,93393
validation,565,53,54272,116,116,54388
validation,566,75,76800,169,169,76969
validation,567,33,33792,77,77,33869
validation,568,23,23552,46,46,23598
validation,569,20,20480,44,44,20524
validation,570,40,40960,90,90,41050
validation,571,99,101376,268,268,101644
validation,572,26,26624,53,53,26677
validation,573,132,135168,354,354,135522
validation,574,22,22528,45,45,22573
validation,575,89,91136,218,218,91354
validation,576,22,22528,52,52,22580
validation,577,101,103424,236,236,103660
validation,578,61,62464,134,134,62598
validation,579,47,48128,106,106,48234
validation,580,60,61440,132,132,61572
validation,581,23,23552,46,46,23598
validation,582,107,109568,265,265,109833
validation,583,30,30720,66,66,30786
validation,584,12,12288,24,24,12312
validation,585,71,72704,165,165,72869
validation,586,181,185344,465,465,185809
validation,587,245,250880,671,671,251551
validation,588,54,55296,123,123,55419
validation,589,16,16384,33,33,16417
validation,590,141,144384,343,343,144727
validation,591,40,40960,95,95,41055
validation,592,170,174080,445,445,174525
validation,593,190,194560,504,504,195064
validation,594,32,32768,72,72,32840
validation,595,37,37888,95,95,37983
validation,596,50,51200,117,117,51317
validation,597,33,33792,68,68,33860
validation,598,40,40960,85,85,41045
validation,599,19,19456,41,41,19497
validation,600,234,239616,649,649,240265
validation,601,79,80896,180,180,81076
validation,602,21,21504,46,46,21550
validation,603,82,83968,195,195,84163
validation,604,16,16384,34,34,16418
validation,605,56,57344,124,124,57468
validation,606,35,35840,78,78,35918
validation,607,13,13312,25,25,13337
validation,608,46,47104,114,114,47218
validation,609,64,65536,142,142,65678
validation,610,54,55296,119,119,55415
validation,611,42,43008,92,92,43100
validation,612,27,27648,56,56,27704
validation,613,21,21504,43,43,21547
validation,614,12,12288,24,24,12312
validation,615,174,178176,472,472,178648
validation,616,75,76800,162,162,76962
validation,617,10,10240,19,19,10259
validation,618,68,69632,171,171,69803
validation,619,25,25600,58,58,25658
validation,620,83,84992,212,212,85204
validation,621,133,136192,334,334,136526
validation,622,34,34816,78,78,34894
validation,623,63,64512,144,144,64656
validation,624,71,72704,162,162,72866
validation,625,43,44032,91,91,44123
validation,626,23,23552,47,47,23599
validation,627,47,48128,110,110,48238
validation,628,168,172032,451,451,172483
validation,629,119,121856,280,280,122136
validation,630,48,49152,106,106,49258
validation,631,28,28672,59,59,28731
validation,632,137,140288,376,376,140664
validation,633,45,46080,95,95,46175
validation,634,28,28672,64,64,28736
validation,635,22,22528,45,45,22573
validation,636,37,37888,82,82,37970
validation,637,153,156672,405,405,157077
validation,638,109,111616,291,291,111907
validation,639,77,78848,185,185,79033
validation,640,36,36864,80,80,36944
validation,641,32,32768,71,71,32839
validation,642,26,26624,52,52,26676
validation,643,66,67584,158,158,67742
validation,644,55,56320,133,133,56453
validation,645,22,22528,49,49,22577
validation,646,86,88064,210,210,88274
validation,647,24,24576,49,49,24625
validation,648,20,20480,45,45,20525
validation,649,22,22528,44,44,22572
validation,650,73,74752,175,175,74927
validation,651,24,24576,49,49,24625
validation,652,58,59392,135,135,59527
validation,653,23,23552,51,51,23603
validation,654,45,46080,111,111,46191
validation,655,79,80896,192,192,81088
validation,656,60,61440,135,135,61575
validation,657,236,241664,620,620,242284
validation,658,52,53248,116,116,53364
validation,659,11,11264,22,22,11286
validation,660,57,58368,129,129,58497
validation,661,26,26624,60,60,26684
validation,662,33,33792,72,72,33864
validation,663,87,89088,206,206,89294
validation,664,80,81920,173,173,82093
validation,665,53,54272,130,130,54402
validation,666,24,24576,49,49,24625
validation,667,168,172032,442,442,172474
validation,668,55,56320,124,124,56444
validation,669,33,33792,68,68,33860
validation,670,153,156672,414,414,157086
validation,671,90,92160,211,211,92371
validation,672,69,70656,172,172,70828
validation,673,70,71680,155,155,71835
validation,674,46,47104,104,104,47208
validation,675,55,56320,128,128,56448
validation,676,51,52224,122,122,52346
validation,677,81,82944,193,193,83137
validation,678,392,401408,1162,1162,402570
validation,679,17,17408,37,37,17445
validation,680,55,56320,125,125,56445
validation,681,138,141312,341,341,141653
validation,682,217,222208,566,566,222774
validation,683,56,57344,128,128,57472
validation,684,161,164864,394,394,165258
validation,685,105,107520,258,258,107778
validation,686,66,67584,150,150,67734
validation,687,88,90112,206,206,90318
validation,688,74,75776,177,177,75953
validation,689,55,56320,134,134,56454
validation,690,26,26624,58,58,26682
validation,691,61,62464,143,143,62607
validation,692,98,100352,233,233,100585
validation,693,19,19456,40,40,19496
validation,694,68,69632,160,160,69792
validation,695,41,41984,94,94,42078
validation,696,75,76800,177,177,76977
validation,697,85,87040,195,195,87235
validation,698,106,108544,255,255,108799
validation,699,48,49152,103,103,49255
validation,700,25,25600,51,51,25651
validation,701,43,44032,97,97,44129
validation,702,52,53248,121,121,53369
validation,703,32,32768,69,69,32837
validation,704,24,24576,48,48,24624
validation,705,36,36864,78,78,36942
validation,706,61,62464,130,130,62594
validation,707,157,160768,398,398,161166
validation,708,72,73728,171,171,73899
validation,709,26,26624,52,52,26676
validation,710,36,36864,79,79,36943
validation,711,161,164864,420,420,165284
validation,712,42,43008,91,91,43099
validation,713,15,15360,29,29,15389
validation,714,33,33792,75,75,33867
validation,715,19,19456,38,38,19494
validation,716,13,13312,26,26,13338
validation,717,19,19456,39,39,19495
validation,718,86,88064,206,206,88270
validation,719,44,45056,97,97,45153
validation,720,46,47104,102,102,47206
validation,721,38,38912,89,89,39001
validation,722,10,10240,19,19,10259
validation,723,57,58368,129,129,58497
validation,724,123,125952,311,311,126263
validation,725,41,41984,84,84,42068
validation,726,86,88064,201,201,88265
validation,727,81,82944,195,195,83139
validation,728,78,79872,182,182,80054
validation,729,65,66560,154,154,66714
validation,730,115,117760,281,281,118041
validation,731,274,280576,742,742,281318
validation,732,82,83968,190,190,84158
validation,733,81,82944,183,183,83127
validation,734,59,60416,133,133,60549
validation,735,17,17408,33,33,17441
validation,736,159,162816,405,405,163221
validation,737,13,13312,25,25,13337
validation,738,41,41984,95,95,42079
validation,739,166,169984,408,408,170392
validation,740,117,119808,294,294,120102
validation,741,172,176128,466,466,176594
validation,742,137,140288,366,366,140654
validation,743,49,50176,118,118,50294
validation,744,70,71680,155,155,71835
validation,745,120,122880,303,303,123183
validation,746,78,79872,180,180,80052
validation,747,62,63488,139,139,63627
validation,748,82,83968,198,198,84166
validation,749,51,52224,114,114,52338
validation,750,67,68608,157,157,68765
validation,751,119,121856,278,278,122134
validation,752,27,27648,58,58,27706
validation,753,80,81920,199,199,82119
validation,754,22,22528,50,50,22578
validation,755,349,357376,1014,1014,358390
validation,756,22,22528,51,51,22579
validation,757,34,34816,82,82,34898
validation,758,15,15360,30,30,15390
validation,759,89,91136,211,211,91347
validation,760,13,13312,25,25,13337
validation,761,40,40960,96,96,41056
validation,762,49,50176,108,108,50284
validation,763,29,29696,70,70,29766
validation,764,64,65536,142,142,65678
validation,765,44,45056,104,104,45160
validation,766,208,212992,556,556,213548
validation,767,31,31744,69,69,31813
validation,768,57,58368,139,139,58507
validation,769,30,30720,69,69,30789
validation,770,38,38912,83,83,38995
validation,771,33,33792,71,71,33863
validation,772,93,95232,210,210,95442
validation,773,19,19456,37,37,19493
validation,774,62,63488,151,151,63639
validation,775,39,39936,89,89,40025
validation,776,41,41984,94,94,42078
validation,777,29,29696,72,72,29768
validation,778,24,24576,54,54,24630
validation,779,15,15360,29,29,15389
validation,780,174,178176,430,430,178606
validation,781,45,46080,102,102,46182
validation,782,45,46080,101,101,46181
validation,783,28,28672,66,66,28738
validation,784,41,41984,85,85,42069
validation,785,31,31744,68,68,31812
validation,786,69,70656,155,155,70811
validation,787,14,14336,28,28,14364
validation,788,256,262144,713,713,262857
validation,789,135,138240,324,324,138564
validation,790,25,25600,57,57,25657
validation,791,237,242688,646,646,243334
validation,792,64,65536,150,150,65686
validation,793,42,43008,95,95,43103
validation,794,41,41984,102,102,42086
validation,795,60,61440,133,133,61573
validation,796,28,28672,65,65,28737
validation,797,15,15360,29,29,15389
validation,798,13,13312,25,25,13337
validation,799,29,29696,61,61,29757
validation,800,22,22528,46,46,22574
validation,801,19,19456,43,43,19499
validation,802,86,88064,194,194,88258
validation,803,41,41984,87,87,42071
validation,804,64,65536,158,158,65694
validation,805,43,44032,96,96,44128
validation,806,27,27648,62,62,27710
validation,807,112,114688,275,275,114963
validation,808,36,36864,85,85,36949
validation,809,36,36864,80,80,36944
validation,810,44,45056,92,92,45148
validation,811,102,104448,259,259,104707
validation,812,38,38912,82,82,38994
validation,813,54,55296,133,133,55429
validation,814,44,45056,104,104,45160
validation,815,56,57344,134,134,57478
validation,816,89,91136,230,230,91366
validation,817,78,79872,193,193,80065
validation,818,146,149504,364,364,149868
validation,819,127,130048,322,322,130370
validation,820,49,50176,118,118,50294
validation,821,21,21504,49,49,21553
validation,822,137,140288,338,338,140626
validation,823,39,39936,86,86,40022
validation,824,51,52224,117,117,52341
validation,825,23,23552,56,56,23608
validation,826,27,27648,66,66,27714
validation,827,36,36864,87,87,36951
validation,828,47,48128,120,120,48248
validation,829,142,145408,354,354,145762
validation,830,58,59392,145,145,59537
validation,831,42,43008,96,96,43104
validation,832,46,47104,103,103,47207
validation,833,27,27648,61,61,27709
validation,834,41,41984,99,99,42083
validation,835,200,204800,529,529,205329
validation,836,28,28672,65,65,28737
validation,837,82,83968,187,187,84155
validation,838,281,287744,810,810,288554
validation,839,20,20480,41,41,20521
validation,840,17,17408,37,37,17445
validation,841,56,57344,127,127,57471
validation,842,73,74752,172,172,74924
validation,843,27,27648,55,55,27703
validation,844,38,38912,88,88,39000
validation,845,44,45056,108,108,45164
validation,846,44,45056,106,106,45162
validation,847,34,34816,76,76,34892
validation,848,43,44032,97,97,44129
validation,849,59,60416,149,149,60565
validation,850,78,79872,181,181,80053
validation,851,40,40960,90,90,41050
validation,852,89,91136,218,218,91354
validation,853,96,98304,231,231,98535
validation,854,47,48128,100,100,48228
validation,855,68,69632,154,154,69786
validation,856,31,31744,76,76,31820
validation,857,221,226304,606,606,226910
validation,858,40,40960,83,83,41043
validation,859,69,70656,169,169,70825
validation,860,28,28672,64,64,28736
validation,861,44,45056,99,99,45155
validation,862,51,52224,112,112,52336
validation,863,64,65536,155,155,65691
validation,864,123,125952,310,310,126262
validation,865,29,29696,61,61,29757
validation,866,164,167936,434,434,168370
validation,867,74,75776,175,175,75951
validation,868,40,40960,84,84,41044
validation,869,156,159744,376,376,160120
validation,870,36,36864,89,89,36953
validation,871,72,73728,158,158,73886
validation,872,26,26624,60,60,26684
validation,873,85,87040,198,198,87238
validation,874,112,114688,283,283,114971
validation,875,38,38912,86,86,38998
validation,876,22,22528,46,46,22574
validation,877,16,16384,31,31,16415
validation,878,215,220160,578,578,220738
validation,879,25,25600,56,56,25656
validation,880,14,14336,28,28,14364
validation,881,65,66560,144,144,66704
validation,882,262,268288,738,738,269026
validation,883,39,39936,84,84,40020
validation,884,23,23552,47,47,23599
validation,885,41,41984,91,91,42075
validation,886,20,20480,44,44,20524
validation,887,29,29696,61,61,29757
validation,888,48,49152,118,118,49270
validation,889,66,67584,157,157,67741
validation,890,68,69632,164,164,69796
validation,891,93,95232,230,230,95462
validation,892,52,53248,111,111,53359
validation,893,120,122880,310,310,123190
validation,894,36,36864,79,79,36943
validation,895,176,180224,469,469,180693
validation,896,167,171008,424,424,171432
validation,897,65,66560,144,144,66704
validation,898,42,43008,91,91,43099
validation,899,46,47104,106,106,47210
validation,900,14,14336,27,27,14363
validation,901,67,68608,152,152,68760
validation,902,46,47104,102,102,47206
validation,903,17,17408,35,35,17443
validation,904,29,29696,67,67,29763
validation,905,120,122880,275,275,123155
validation,906,21,21504,42,42,21546
validation,907,57,58368,123,123,58491
validation,908,20,20480,46,46,20526
validation,909,35,35840,75,75,35915
validation,910,100,102400,248,248,102648
validation,911,30,30720,69,69,30789
validation,912,146,149504,372,372,149876
validation,913,34,34816,71,71,34887
validation,914,30,30720,68,68,30788
validation,915,47,48128,107,107,48235
validation,916,28,28672,66,66,28738
validation,917,81,82944,190,190,83134
validation,918,71,72704,164,164,72868
validation,919,32,32768,69,69,32837
validation,920,42,43008,92,92,43100
validation,921,41,41984,86,86,42070
validation,922,35,35840,74,74,35914
validation,923,22,22528,45,45,22573
validation,924,32,32768,68,68,32836
validation,925,44,45056,93,93,45149
validation,926,23,23552,46,46,23598
validation,927,27,27648,63,63,27711
validation,928,163,166912,420,420,167332
validation,929,19,19456,43,43,19499
validation,930,27,27648,63,63,27711
validation,931,72,73728,164,164,73892
validation,932,57,58368,124,124,58492
validation,933,48,49152,105,105,49257
validation,934,84,86016,194,194,86210
validation,935,13,13312,26,26,13338
validation,936,98,100352,219,219,100571
validation,937,18,18432,35,35,18467
validation,938,53,54272,124,124,54396
validation,939,214,219136,570,570,219706
validation,940,68,69632,148,148,69780
validation,941,83,84992,198,198,85190
validation,942,120,122880,297,297,123177
validation,943,38,38912,85,85,38997
validation,944,151,154624,364,364,154988
validation,945,24,24576,55,55,24631
validation,946,27,27648,55,55,27703
validation,947,46,47104,99,99,47203
validation,948,39,39936,97,97,40033
validation,949,275,281600,786,786,282386
validation,950,89,91136,208,208,91344
validation,951,25,25600,63,63,25663
validation,952,103,105472,268,268,105740
validation,953,24,24576,53,53,24629
validation,954,43,44032,108,108,44140
validation,955,131,134144,323,323,134467
validation,956,72,73728,156,156,73884
validation,957,43,44032,100,100,44132
validation,958,78,79872,185,185,80057
validation,959,43,44032,93,93,44125
validation,960,22,22528,45,45,22573
validation,961,29,29696,61,61,29757
validation,962,23,23552,47,47,23599
validation,963,47,48128,106,106,48234
validation,964,75,76800,189,189,76989
validation,965,65,66560,151,151,66711
validation,966,51,52224,115,115,52339
validation,967,18,18432,37,37,18469
validation,968,69,70656,162,162,70818
validation,969,141,144384,351,351,144735
validation,970,26,26624,54,54,26678
validation,971,46,47104,100,100,47204
validation,972,20,20480,44,44,20524
validation,973,32,32768,76,76,32844
validation,974,61,62464,144,144,62608
validation,975,76,77824,174,174,77998
validation,976,25,25600,56,56,25656
validation,977,106,108544,276,276,108820
validation,978,120,122880,278,278,123158
validation,979,20,20480,49,49,20529
validation,980,68,69632,153,153,69785
validation,981,30,30720,67,67,30787
validation,982,30,30720,65,65,30785
validation,983,75,76800,174,174,76974
validation,984,12,12288,23,23,12311
validation,985,48,49152,109,109,49261
validation,986,152,155648,418,418,156066
validation,987,56,57344,119,119,57463
validation,988,78,79872,192,192,80064
validation,989,35,35840,81,81,35921
validation,990,57,58368,139,139,58507
validation,991,108,110592,284,284,110876
validation,992,32,32768,73,73,32841
validation,993,85,87040,202,202,87242
validation,994,47,48128,106,106,48234
validation,995,162,165888,408,408,166296
validation,996,18,18432,40,40,18472
validation,997,62,63488,137,137,63625
validation,998,220,225280,606,606,225886
validation,999,55,56320,132,132,56452
validation,1000,186,190464,479,479,190943
validation,1001,27,27648,63,63,27711
validation,1002,52,53248,120,120,53368
validation,1003,162,165888,423,423,166311
validation,1004,22,22528,46,46,22574
validation,1005,102,104448,246,246,104694
validation,1006,21,21504,41,41,21545
validation,1007,43,44032,96,96,44128
validation,1008,215,220160,558,558,220718
validation,1009,19,19456,37,37,19493
validation,1010,60,61440,145,145,61585
validation,1011,183,187392,482,482,187874
validation,1012,113,115712,269,269,115981
validation,1013,73,74752,174,174,74926
validation,1014,61,62464,158,158,62622
validation,1015,21,21504,48,48,21552
validation,1016,154,157696,398,398,158094
validation,1017,100,102400,239,239,102639
validation,1018,28,28672,67,67,28739
validation,1019,24,24576,49,49,24625
validation,1020,214,219136,596,596,219732
validation,1021,168,172032,455,455,172487
validation,1022,42,43008,96,96,43104
validation,1023,212,217088,570,570,217658
validation,1024,41,41984,99,99,42083
validation,1025,98,100352,247,247,100599
validation,1026,25,25600,53,53,25653
validation,1027,17,17408,38,38,17446
validation,1028,22,22528,46,46,22574
validation,1029,23,23552,46,46,23598
validation,1030,68,69632,149,149,69781
validation,1031,166,169984,459,459,170443
validation,1032,24,24576,56,56,24632
validation,1033,85,87040,198,198,87238
validation,1034,88,90112,209,209,90321
validation,1035,34,34816,71,71,34887
validation,1036,50,51200,111,111,51311
validation,1037,129,132096,335,335,132431
validation,1038,14,14336,28,28,14364
validation,1039,32,32768,77,77,32845
validation,1040,308,315392,867,867,316259
validation,1041,35,35840,83,83,35923
validation,1042,360,368640,963,963,369603
validation,1043,78,79872,191,191,80063
validation,1044,50,51200,106,106,51306
validation,1045,23,23552,47,47,23599
validation,1046,97,99328,246,246,99574
validation,1047,57,58368,126,126,58494
validation,1048,29,29696,63,63,29759
validation,1049,24,24576,58,58,24634
validation,1050,15,15360,29,29,15389
validation,1051,75,76800,174,174,76974
validation,1052,63,64512,154,154,64666
validation,1053,78,79872,185,185,80057
validation,1054,20,20480,43,43,20523
validation,1055,85,87040,190,190,87230
validation,1056,75,76800,175,175,76975
validation,1057,87,89088,221,221,89309
validation,1058,28,28672,65,65,28737
validation,1059,115,117760,285,285,118045
validation,1060,64,65536,150,150,65686
validation,1061,20,20480,41,41,20521
validation,1062,28,28672,65,65,28737
validation,1063,126,129024,322,322,129346
validation,1064,46,47104,108,108,47212
validation,1065,59,60416,148,148,60564
validation,1066,15,15360,30,30,15390
validation,1067,12,12288,23,23,12311
validation,1068,19,19456,37,37,19493
validation,1069,30,30720,63,63,30783
validation,1070,22,22528,49,49,22577
validation,1071,164,167936,435,435,168371
validation,1072,30,30720,76,76,30796
validation,1073,27,27648,63,63,27711
validation,1074,26,26624,53,53,26677
validation,1075,35,35840,81,81,35921
validation,1076,191,195584,509,509,196093
validation,1077,58,59392,132,132,59524
validation,1078,158,161792,388,388,162180
validation,1079,22,22528,52,52,22580
validation,1080,15,15360,29,29,15389
validation,1081,62,63488,146,146,63634
validation,1082,18,18432,35,35,18467
validation,1083,114,116736,301,301,117037
validation,1084,104,106496,260,260,106756
validation,1085,25,25600,52,52,25652
validation,1086,15,15360,29,29,15389
validation,1087,24,24576,60,60,24636
validation,1088,22,22528,48,48,22576
validation,1089,141,144384,400,400,144784
validation,1090,33,33792,70,70,33862
validation,1091,44,45056,104,104,45160
validation,1092,161,164864,388,388,165252
validation,1093,65,66560,152,152,66712
validation,1094,74,75776,169,169,75945
validation,1095,23,23552,46,46,23598
validation,1096,13,13312,26,26,13338
test,0,59,60416,137,137,60553
test,1,43,44032,103,103,44135
test,2,37,37888,88,88,37976
test,3,49,50176,103,103,50279
test,4,27,27648,64,64,27712
test,5,24,24576,53,53,24629
test,6,47,48128,119,119,48247
test,7,35,35840,89,89,35929
test,8,27,27648,62,62,27710
test,9,73,74752,172,172,74924
test,10,11,11264,21,21,11285
test,11,200,204800,576,576,205376
test,12,70,71680,163,163,71843
test,13,124,126976,325,325,127301
test,14,54,55296,138,138,55434
test,15,153,156672,378,378,157050
test,16,141,144384,338,338,144722
test,17,22,22528,50,50,22578
test,18,101,103424,266,266,103690
test,19,14,14336,27,27,14363
test,20,81,82944,190,190,83134
test,21,22,22528,45,45,22573
test,22,99,101376,230,230,101606
test,23,52,53248,117,117,53365
test,24,25,25600,57,57,25657
test,25,139,142336,333,333,142669
test,26,44,45056,96,96,45152
test,27,69,70656,162,162,70818
test,28,69,70656,165,165,70821
test,29,76,77824,187,187,78011
test,30,86,88064,197,197,88261
test,31,32,32768,70,70,32838
test,32,25,25600,57,57,25657
test,33,129,132096,302,302,132398
test,34,12,12288,24,24,12312
test,35,68,69632,152,152,69784
test,36,79,80896,190,190,81086
test,37,19,19456,42,42,19498
test,38,73,74752,174,174,74926
test,39,36,36864,81,81,36945
test,40,65,66560,164,164,66724
test,41,22,22528,45,45,22573
test,42,80,81920,191,191,82111
test,43,41,41984,98,98,42082
test,44,90,92160,213,213,92373
test,45,12,12288,23,23,12311
test,46,50,51200,111,111,51311
test,47,69,70656,163,163,70819
test,48,52,53248,118,118,53366
test,49,42,43008,97,97,43105
test,50,27,27648,62,62,27710
test,51,72,73728,165,165,73893
test,52,24,24576,58,58,24634
test,53,46,47104,107,107,47211
test,54,50,51200,120,120,51320
test,55,12,12288,24,24,12312
test,56,22,22528,46,46,22574
test,57,55,56320,130,130,56450
test,58,65,66560,150,150,66710
test,59,28,28672,60,60,28732
test,60,11,11264,22,22,11286
test,61,132,135168,326,326,135494
test,62,31,31744,70,70,31814
test,63,62,63488,142,142,63630
test,64,20,20480,47,47,20527
test,65,38,38912,92,92,39004
test,66,25,25600,56,56,25656
test,67,91,93184,205,205,93389
test,68,26,26624,63,63,26687
test,69,81,82944,193,193,83137
test,70,38,38912,92,92,39004
test,71,30,30720,67,67,30787
test,72,56,57344,119,119,57463
test,73,82,83968,195,195,84163
test,74,32,32768,70,70,32838
test,75,27,27648,62,62,27710
test,76,24,24576,50,50,24626
test,77,87,89088,219,219,89307
test,78,14,14336,27,27,14363
test,79,58,59392,135,135,59527
test,80,35,35840,79,79,35919
test,81,50,51200,107,107,51307
test,82,113,115712,271,271,115983
test,83,39,39936,84,84,40020
test,84,80,81920,184,184,82104
test,85,69,70656,161,161,70817
test,86,48,49152,119,119,49271
test,87,74,75776,170,170,75946
test,88,80,81920,185,185,82105
test,89,59,60416,166,166,60582
test,90,119,121856,292,292,122148
test,91,37,37888,77,77,37965
test,92,28,28672,67,67,28739
test,93,92,94208,230,230,94438
test,94,29,29696,61,61,29757
test,95,105,107520,255,255,107775
test,96,53,54272,120,120,54392
test,97,44,45056,98,98,45154
test,98,91,93184,212,212,93396
test,99,30,30720,65,65,30785
test,100,28,28672,57,57,28729
test,101,249,254976,690,690,255666
test,102,77,78848,172,172,79020
test,103,31,31744,72,72,31816
test,104,62,63488,152,152,63640
test,105,48,49152,114,114,49266
test,106,67,68608,164,164,68772
test,107,86,88064,205,205,88269
test,108,25,25600,59,59,25659
test,109,19,19456,41,41,19497
test,110,52,53248,123,123,53371
test,111,88,90112,200,200,90312
test,112,29,29696,61,61,29757
test,113,40,40960,86,86,41046
test,114,82,83968,190,190,84158
test,115,52,53248,115,115,53363
test,116,110,112640,266,266,112906
test,117,119,121856,299,299,122155
test,118,108,110592,255,255,110847
test,119,69,70656,164,164,70820
test,120,64,65536,153,153,65689
test,121,15,15360,30,30,15390
test,122,20,20480,43,43,20523
test,123,15,15360,29,29,15389
test,124,26,26624,51,51,26675
test,125,22,22528,45,45,22573
test,126,61,62464,147,147,62611
test,127,52,53248,135,135,53383
test,128,192,196608,506,506,197114
test,129,189,193536,503,503,194039
test,130,10,10240,19,19,10259
test,131,37,37888,85,85,37973
test,132,50,51200,116,116,51316
test,133,31,31744,70,70,31814
test,134,30,30720,68,68,30788
test,135,76,77824,174,174,77998
test,136,45,46080,103,103,46183
test,137,43,44032,94,94,44126
test,138,150,153600,406,406,154006
test,139,25,25600,60,60,25660
test,140,146,149504,358,358,149862
test,141,49,50176,108,108,50284
test,142,46,47104,106,106,47210
test,143,33,33792,80,80,33872
test,144,52,53248,121,121,53369
test,145,47,48128,125,125,48253
test,146,58,59392,130,130,59522
test,147,25,25600,58,58,25658
test,148,82,83968,191,191,84159
test,149,123,125952,315,315,126267
test,150,30,30720,64,64,30784
test,151,24,24576,57,57,24633
test,152,106,108544,242,242,108786
test,153,72,73728,171,171,73899
test,154,13,13312,26,26,13338
test,155,105,107520,258,258,107778
test,156,111,113664,278,278,113942
test,157,24,24576,49,49,24625
test,158,12,12288,23,23,12311
test,159,164,167936,419,419,168355
test,160,110,112640,282,282,112922
test,161,28,28672,61,61,28733
test,162,177,181248,445,445,181693
test,163,141,144384,356,356,144740
test,164,169,173056,473,473,173529
test,165,143,146432,348,348,146780
test,166,31,31744,73,73,31817
test,167,29,29696,69,69,29765
test,168,179,183296,443,443,183739
test,169,213,218112,621,621,218733
test,170,58,59392,139,139,59531
test,171,19,19456,43,43,19499
test,172,22,22528,47,47,22575
test,173,54,55296,122,122,55418
test,174,10,10240,20,20,10260
test,175,28,28672,63,63,28735
test,176,36,36864,80,80,36944
test,177,27,27648,62,62,27710
test,178,47,48128,108,108,48236
test,179,15,15360,29,29,15389
test,180,37,37888,82,82,37970
test,181,14,14336,28,28,14364
test,182,44,45056,111,111,45167
test,183,201,205824,501,501,206325
test,184,18,18432,39,39,18471
test,185,40,40960,90,90,41050
test,186,43,44032,96,96,44128
test,187,10,10240,20,20,10260
test,188,324,331776,918,918,332694
test,189,84,86016,196,196,86212
test,190,26,26624,65,65,26689
test,191,36,36864,84,84,36948
test,192,96,98304,224,224,98528
test,193,12,12288,23,23,12311
test,194,58,59392,129,129,59521
test,195,68,69632,148,148,69780
test,196,208,212992,583,583,213575
test,197,75,76800,177,177,76977
test,198,82,83968,192,192,84160
test,199,23,23552,53,53,23605
test,200,76,77824,175,175,77999
test,201,12,12288,23,23,12311
test,202,22,22528,49,49,22577
test,203,69,70656,168,168,70824
test,204,41,41984,84,84,42068
test,205,140,143360,356,356,143716
test,206,19,19456,42,42,19498
test,207,30,30720,71,71,30791
test,208,28,28672,61,61,28733
test,209,298,305152,854,854,306006
test,210,29,29696,63,63,29759
test,211,74,75776,164,164,75940
test,212,159,162816,413,413,163229
test,213,20,20480,39,39,20519
test,214,132,135168,327,327,135495
test,215,28,28672,71,71,28743
test,216,58,59392,136,136,59528
test,217,99,101376,236,236,101612
test,218,29,29696,67,67,29763
test,219,40,40960,90,90,41050
test,220,19,19456,45,45,19501
test,221,344,352256,968,968,353224
test,222,17,17408,36,36,17444
test,223,13,13312,26,26,13338
test,224,12,12288,23,23,12311
test,225,52,53248,116,116,53364
test,226,198,202752,522,522,203274
test,227,47,48128,104,104,48232
test,228,26,26624,61,61,26685
test,229,63,64512,151,151,64663
test,230,37,37888,88,88,37976
test,231,62,63488,135,135,63623
test,232,26,26624,58,58,26682
test,233,23,23552,53,53,23605
test,234,88,90112,203,203,90315
test,235,285,291840,774,774,292614
test,236,97,99328,231,231,99559
test,237,90,92160,208,208,92368
test,238,110,112640,274,274,112914
test,239,46,47104,100,100,47204
test,240,66,67584,165,165,67749
test,241,72,73728,179,179,73907
test,242,24,24576,50,50,24626
test,243,46,47104,115,115,47219
test,244,47,48128,107,107,48235
test,245,38,38912,82,82,38994
test,246,48,49152,126,126,49278
test,247,160,163840,391,391,164231
test,248,135,138240,338,338,138578
test,249,55,56320,124,124,56444
test,250,27,27648,57,57,27705
test,251,37,37888,91,91,37979
test,252,19,19456,40,40,19496
test,253,118,120832,298,298,121130
test,254,25,25600,53,53,25653
test,255,49,50176,116,116,50292
test,256,44,45056,99,99,45155
test,257,71,72704,163,163,72867
test,258,25,25600,61,61,25661
test,259,101,103424,248,248,103672
test,260,79,80896,188,188,81084
test,261,25,25600,57,57,25657
test,262,74,75776,175,175,75951
test,263,230,235520,664,664,236184
test,264,38,38912,80,80,38992
test,265,63,64512,141,141,64653
test,266,65,66560,153,153,66713
test,267,19,19456,39,39,19495
test,268,76,77824,183,183,78007
test,269,123,125952,323,323,126275
test,270,23,23552,48,48,23600
test,271,12,12288,23,23,12311
test,272,52,53248,116,116,53364
test,273,23,23552,51,51,23603
test,274,21,21504,46,46,21550
test,275,56,57344,125,125,57469
test,276,28,28672,63,63,28735
test,277,36,36864,82,82,36946
test,278,15,15360,29,29,15389
test,279,221,226304,629,629,226933
test,280,19,19456,37,37,19493
test,281,45,46080,97,97,46177
test,282,18,18432,40,40,18472
test,283,94,96256,217,217,96473
test,284,31,31744,69,69,31813
test,285,37,37888,91,91,37979
test,286,94,96256,227,227,96483
test,287,17,17408,34,34,17442
test,288,71,72704,175,175,72879
test,289,73,74752,171,171,74923
test,290,15,15360,29,29,15389
test,291,13,13312,25,25,13337
test,292,24,24576,54,54,24630
test,293,81,82944,189,189,83133
test,294,36,36864,75,75,36939
test,295,29,29696,60,60,29756
test,296,24,24576,52,52,24628
test,297,16,16384,31,31,16415
test,298,61,62464,136,136,62600
test,299,12,12288,24,24,12312
test,300,24,24576,52,52,24628
test,301,230,235520,638,638,236158
test,302,42,43008,93,93,43101
test,303,34,34816,76,76,34892
test,304,65,66560,152,152,66712
test,305,84,86016,211,211,86227
test,306,27,27648,62,62,27710
test,307,48,49152,104,104,49256
test,308,51,52224,112,112,52336
test,309,13,13312,26,26,13338
test,310,62,63488,136,136,63624
test,311,34,34816,76,76,34892
test,312,80,81920,183,183,82103
test,313,73,74752,170,170,74922
test,314,104,106496,293,293,106789
test,315,56,57344,125,125,57469
test,316,22,22528,49,49,22577
test,317,17,17408,33,33,17441
test,318,25,25600,60,60,25660
test,319,30,30720,66,66,30786
test,320,50,51200,110,110,51310
test,321,26,26624,61,61,26685
test,322,18,18432,40,40,18472
test,323,74,75776,174,174,75950
test,324,56,57344,126,126,57470
test,325,91,93184,238,238,93422
test,326,14,14336,27,27,14363
test,327,36,36864,82,82,36946
test,328,21,21504,46,46,21550
test,329,18,18432,40,40,18472
test,330,176,180224,466,466,180690
test,331,67,68608,157,157,68765
test,332,125,128000,304,304,128304
test,333,79,80896,189,189,81085
test,334,81,82944,190,190,83134
test,335,73,74752,159,159,74911
test,336,47,48128,115,115,48243
test,337,187,191488,496,496,191984
test,338,44,45056,108,108,45164
test,339,50,51200,112,112,51312
test,340,41,41984,95,95,42079
test,341,35,35840,73,73,35913
test,342,23,23552,52,52,23604
test,343,221,226304,614,614,226918
test,344,34,34816,78,78,34894
test,345,39,39936,85,85,40021
test,346,20,20480,44,44,20524
test,347,19,19456,37,37,19493
test,348,79,80896,190,190,81086
test,349,32,32768,72,72,32840
test,350,24,24576,55,55,24631
test,351,26,26624,57,57,26681
test,352,154,157696,387,387,158083
test,353,36,36864,77,77,36941
test,354,54,55296,120,120,55416
test,355,25,25600,54,54,25654
test,356,19,19456,42,42,19498
test,357,18,18432,35,35,18467
test,358,75,76800,182,182,76982
test,359,40,40960,94,94,41054
test,360,156,159744,416,416,160160
test,361,82,83968,187,187,84155
test,362,33,33792,78,78,33870
test,363,92,94208,210,210,94418
test,364,13,13312,26,26,13338
test,365,43,44032,98,98,44130
test,366,17,17408,33,33,17441
test,367,102,104448,260,260,104708
test,368,140,143360,334,334,143694
test,369,34,34816,70,70,34886
test,370,37,37888,91,91,37979
test,371,26,26624,61,61,26685
test,372,79,80896,193,193,81089
test,373,26,26624,53,53,26677
test,374,24,24576,51,51,24627
test,375,71,72704,168,168,72872
test,376,18,18432,35,35,18467
test,377,61,62464,147,147,62611
test,378,16,16384,31,31,16415
test,379,36,36864,81,81,36945
test,380,89,91136,210,210,91346
test,381,22,22528,49,49,22577
test,382,79,80896,182,182,81078
test,383,22,22528,47,47,22575
test,384,152,155648,391,391,156039
test,385,29,29696,64,64,29760
test,386,19,19456,42,42,19498
test,387,40,40960,91,91,41051
test,388,82,83968,195,195,84163
test,389,42,43008,100,100,43108
test,390,24,24576,55,55,24631
test,391,38,38912,85,85,38997
test,392,119,121856,307,307,122163
test,393,19,19456,42,42,19498
test,394,101,103424,241,241,103665
test,395,28,28672,61,61,28733
test,396,35,35840,75,75,35915
test,397,79,80896,184,184,81080
test,398,19,19456,42,42,19498
test,399,62,63488,142,142,63630
test,400,122,124928,304,304,125232
test,401,47,48128,115,115,48243
test,402,37,37888,78,78,37966
test,403,88,90112,216,216,90328
test,404,25,25600,57,57,25657
test,405,37,37888,85,85,37973
test,406,35,35840,74,74,35914
test,407,16,16384,32,32,16416
test,408,51,52224,112,112,52336
test,409,218,223232,599,599,223831
test,410,24,24576,57,57,24633
test,411,35,35840,74,74,35914
test,412,45,46080,98,98,46178
test,413,55,56320,123,123,56443
test,414,27,27648,62,62,27710
test,415,60,61440,151,151,61591
test,416,24,24576,60,60,24636
test,417,26,26624,53,53,26677
test,418,33,33792,76,76,33868
test,419,57,58368,119,119,58487
test,420,20,20480,43,43,20523
test,421,20,20480,41,41,20521
test,422,214,219136,575,575,219711
test,423,29,29696,65,65,29761
test,424,33,33792,72,72,33864
test,425,82,83968,201,201,84169
test,426,40,40960,90,90,41050
test,427,38,38912,79,79,38991
test,428,20,20480,44,44,20524
test,429,29,29696,62,62,29758
test,430,32,32768,72,72,32840
test,431,93,95232,234,234,95466
test,432,46,47104,100,100,47204
test,433,14,14336,29,29,14365
test,434,23,23552,48,48,23600
test,435,67,68608,148,148,68756
test,436,126,129024,358,358,129382
test,437,70,71680,153,153,71833
test,438,177,181248,475,475,181723
test,439,84,86016,203,203,86219
test,440,25,25600,58,58,25658
test,441,116,118784,280,280,119064
test,442,45,46080,96,96,46176
test,443,80,81920,192,192,82112
test,444,51,52224,121,121,52345
test,445,207,211968,523,523,212491
test,446,12,12288,23,23,12311
test,447,47,48128,113,113,48241
test,448,29,29696,61,61,29757
test,449,64,65536,151,151,65687
test,450,22,22528,46,46,22574
test,451,32,32768,66,66,32834
test,452,28,28672,61,61,28733
test,453,134,137216,335,335,137551
test,454,93,95232,226,226,95458
test,455,33,33792,77,77,33869
test,456,137,140288,345,345,140633
test,457,31,31744,67,67,31811
test,458,104,106496,262,262,106758
test,459,36,36864,78,78,36942
test,460,35,35840,78,78,35918
test,461,56,57344,126,126,57470
test,462,64,65536,142,142,65678
test,463,47,48128,113,113,48241
test,464,70,71680,158,158,71838
test,465,14,14336,27,27,14363
test,466,66,67584,162,162,67746
test,467,17,17408,34,34,17442
test,468,37,37888,93,93,37981
test,469,42,43008,87,87,43095
test,470,65,66560,157,157,66717
test,471,223,228352,609,609,228961
test,472,15,15360,29,29,15389
test,473,51,52224,110,110,52334
test,474,130,133120,317,317,133437
test,475,62,63488,143,143,63631
test,476,29,29696,65,65,29761
test,477,78,79872,187,187,80059
test,478,61,62464,141,141,62605
test,479,55,56320,124,124,56444
test,480,10,10240,20,20,10260
test,481,133,136192,348,348,136540
test,482,97,99328,222,222,99550
test,483,93,95232,234,234,95466
test,484,47,48128,109,109,48237
test,485,56,57344,124,124,57468
test,486,118,120832,317,317,121149
test,487,98,100352,236,236,100588
test,488,91,93184,213,213,93397
test,489,99,101376,251,251,101627
test,490,45,46080,105,105,46185
test,491,42,43008,101,101,43109
test,492,11,11264,22,22,11286
test,493,33,33792,73,73,33865
test,494,68,69632,158,158,69790
test,495,81,82944,190,190,83134
test,496,20,20480,40,40,20520
test,497,24,24576,53,53,24629
test,498,39,39936,89,89,40025
test,499,39,39936,86,86,40022
test,500,24,24576,54,54,24630
test,501,19,19456,39,39,19495
test,502,33,33792,77,77,33869
test,503,52,53248,117,117,53365
test,504,213,218112,537,537,218649
test,505,109,111616,250,250,111866
test,506,25,25600,55,55,25655
test,507,55,56320,125,125,56445
test,508,85,87040,202,202,87242
test,509,160,163840,416,416,164256
test,510,153,156672,408,408,157080
test,511,123,125952,316,316,126268
test,512,15,15360,29,29,15389
test,513,79,80896,181,181,81077
test,514,32,32768,68,68,32836
test,515,79,80896,183,183,81079
test,516,38,38912,85,85,38997
test,517,19,19456,42,42,19498
test,518,73,74752,179,179,74931
test,519,23,23552,53,53,23605
test,520,156,159744,397,397,160141
test,521,52,53248,118,118,53366
test,522,44,45056,91,91,45147
test,523,66,67584,168,168,67752
test,524,70,71680,163,163,71843
test,525,48,49152,113,113,49265
test,526,203,207872,550,550,208422
test,527,79,80896,197,197,81093
test,528,88,90112,198,198,90310
test,529,20,20480,44,44,20524
test,530,37,37888,82,82,37970
test,531,34,34816,76,76,34892
test,532,200,204800,536,536,205336
test,533,381,390144,1070,1070,391214
test,534,39,39936,89,89,40025
test,535,28,28672,68,68,28740
test,536,61,62464,162,162,62626
test,537,26,26624,60,60,26684
test,538,27,27648,59,59,27707
test,539,69,70656,160,160,70816
test,540,14,14336,27,27,14363
test,541,17,17408,33,33,17441
test,542,11,11264,21,21,11285
test,543,39,39936,94,94,40030
test,544,29,29696,66,66,29762
test,545,61,62464,135,135,62599
test,546,148,151552,369,369,151921
test,547,16,16384,31,31,16415
test,548,44,45056,102,102,45158
test,549,58,59392,138,138,59530
test,550,153,156672,433,433,157105
test,551,22,22528,49,49,22577
test,552,51,52224,121,121,52345
test,553,43,44032,91,91,44123
test,554,144,147456,364,364,147820
test,555,31,31744,70,70,31814
test,556,31,31744,74,74,31818
test,557,56,57344,132,132,57476
test,558,18,18432,35,35,18467
test,559,37,37888,81,81,37969
test,560,48,49152,111,111,49263
test,561,35,35840,73,73,35913
test,562,27,27648,53,53,27701
test,563,25,25600,54,54,25654
test,564,62,63488,143,143,63631
test,565,36,36864,79,79,36943
test,566,23,23552,51,51,23603
test,567,18,18432,35,35,18467
test,568,32,32768,70,70,32838
test,569,79,80896,197,197,81093
test,570,51,52224,107,107,52331
test,571,23,23552,51,51,23603
test,572,43,44032,105,105,44137
test,573,108,110592,278,278,110870
test,574,65,66560,149,149,66709
test,575,14,14336,27,27,14363
test,576,30,30720,66,66,30786
test,577,102,104448,237,237,104685
test,578,132,135168,320,320,135488
test,579,26,26624,58,58,26682
test,580,29,29696,65,65,29761
test,581,51,52224,126,126,52350
test,582,210,215040,563,563,215603
test,583,63,64512,144,144,64656
test,584,28,28672,63,63,28735
test,585,258,264192,717,717,264909
test,586,22,22528,58,58,22586
test,587,106,108544,257,257,108801
test,588,59,60416,129,129,60545
test,589,23,23552,47,47,23599
test,590,81,82944,196,196,83140
test,591,12,12288,23,23,12311
test,592,19,19456,43,43,19499
test,593,245,250880,688,688,251568
test,594,65,66560,155,155,66715
test,595,74,75776,168,168,75944
test,596,23,23552,47,47,23599
test,597,43,44032,103,103,44135
test,598,57,58368,127,127,58495
test,599,25,25600,50,50,25650
test,600,26,26624,53,53,26677
test,601,33,33792,79,79,33871
test,602,22,22528,46,46,22574
test,603,127,130048,314,314,130362
test,604,45,46080,97,97,46177
test,605,24,24576,54,54,24630
test,606,26,26624,59,59,26683
test,607,26,26624,60,60,26684
test,608,30,30720,66,66,30786
test,609,52,53248,121,121,53369
test,610,93,95232,235,235,95467
test,611,88,90112,198,198,90310
test,612,26,26624,59,59,26683
test,613,29,29696,60,60,29756
test,614,57,58368,131,131,58499
test,615,42,43008,97,97,43105
test,616,25,25600,55,55,25655
test,617,50,51200,121,121,51321
test,618,48,49152,109,109,49261
test,619,73,74752,171,171,74923
test,620,55,56320,130,130,56450
test,621,136,139264,332,332,139596
test,622,78,79872,176,176,80048
test,623,27,27648,58,58,27706
test,624,104,106496,259,259,106755
test,625,44,45056,99,99,45155
test,626,22,22528,47,47,22575
test,627,48,49152,108,108,49260
test,628,36,36864,85,85,36949
test,629,30,30720,67,67,30787
test,630,96,98304,230,230,98534
test,631,20,20480,40,40,20520
test,632,21,21504,46,46,21550
test,633,50,51200,122,122,51322
test,634,50,51200,109,109,51309
test,635,76,77824,172,172,77996
test,636,48,49152,100,100,49252
test,637,111,113664,278,278,113942
test,638,77,78848,173,173,79021
test,639,12,12288,23,23,12311
test,640,146,149504,386,386,149890
test,641,100,102400,259,259,102659
test,642,16,16384,31,31,16415
test,643,34,34816,78,78,34894
test,644,92,94208,248,248,94456
test,645,27,27648,61,61,27709
test,646,82,83968,192,192,84160
test,647,87,89088,201,201,89289
test,648,32,32768,71,71,32839
test,649,21,21504,49,49,21553
test,650,30,30720,63,63,30783
test,651,61,62464,136,136,62600
test,652,72,73728,173,173,73901
test,653,37,37888,86,86,37974
test,654,27,27648,55,55,27703
test,655,391,400384,1085,1085,401469
test,656,135,138240,334,334,138574
test,657,85,87040,206,206,87246
test,658,42,43008,92,92,43100
test,659,49,50176,111,111,50287
test,660,90,92160,219,219,92379
test,661,53,54272,126,126,54398
test,662,46,47104,110,110,47214
test,663,27,27648,62,62,27710
test,664,40,40960,101,101,41061
test,665,126,129024,345,345,129369
test,666,29,29696,71,71,29767
test,667,143,146432,358,358,146790
test,668,27,27648,55,55,27703
test,669,102,104448,243,243,104691
test,670,79,80896,187,187,81083
test,671,15,15360,32,32,15392
test,672,47,48128,106,106,48234
test,673,146,149504,376,376,149880
test,674,61,62464,139,139,62603
test,675,41,41984,86,86,42070
test,676,102,104448,260,260,104708
test,677,136,139264,362,362,139626
test,678,39,39936,93,93,40029
test,679,43,44032,94,94,44126
test,680,106,108544,276,276,108820
test,681,20,20480,44,44,20524
test,682,50,51200,116,116,51316
test,683,138,141312,335,335,141647
test,684,76,77824,179,179,78003
test,685,40,40960,90,90,41050
test,686,37,37888,86,86,37974
test,687,74,75776,184,184,75960
test,688,50,51200,122,122,51322
test,689,83,84992,207,207,85199
test,690,34,34816,73,73,34889
test,691,50,51200,114,114,51314
test,692,74,75776,172,172,75948
test,693,100,102400,242,242,102642
test,694,32,32768,70,70,32838
test,695,17,17408,33,33,17441
test,696,28,28672,65,65,28737
test,697,46,47104,99,99,47203
test,698,29,29696,61,61,29757
test,699,24,24576,57,57,24633
test,700,72,73728,170,170,73898
test,701,107,109568,246,246,109814
test,702,11,11264,22,22,11286
test,703,64,65536,149,149,65685
test,704,45,46080,107,107,46187
test,705,14,14336,27,27,14363
test,706,76,77824,190,190,78014
test,707,42,43008,95,95,43103
test,708,204,208896,536,536,209432
test,709,23,23552,52,52,23604
test,710,170,174080,422,422,174502
test,711,167,171008,439,439,171447
test,712,35,35840,74,74,35914
test,713,313,320512,870,870,321382
test,714,174,178176,462,462,178638
test,715,43,44032,94,94,44126
test,716,90,92160,225,225,92385
test,717,69,70656,159,159,70815
test,718,114,116736,294,294,117030
test,719,58,59392,132,132,59524
test,720,91,93184,215,215,93399
test,721,19,19456,45,45,19501
test,722,58,59392,138,138,59530
test,723,72,73728,165,165,73893
test,724,22,22528,45,45,22573
test,725,45,46080,105,105,46185
test,726,47,48128,106,106,48234
test,727,22,22528,45,45,22573
test,728,36,36864,82,82,36946
test,729,58,59392,135,135,59527
test,730,25,25600,61,61,25661
test,731,311,318464,852,852,319316
test,732,33,33792,71,71,33863
test,733,127,130048,328,328,130376
test,734,52,53248,111,111,53359
test,735,36,36864,79,79,36943
test,736,139,142336,385,385,142721
test,737,17,17408,33,33,17441
test,738,42,43008,88,88,43096
test,739,41,41984,93,93,42077
test,740,17,17408,33,33,17441
test,741,251,257024,706,706,257730
test,742,44,45056,97,97,45153
test,743,72,73728,167,167,73895
test,744,42,43008,103,103,43111
test,745,104,106496,266,266,106762
test,746,25,25600,58,58,25658
test,747,31,31744,65,65,31809
test,748,58,59392,131,131,59523
test,749,91,93184,237,237,93421
test,750,12,12288,23,23,12311
test,751,20,20480,44,44,20524
test,752,12,12288,23,23,12311
test,753,21,21504,46,46,21550
test,754,62,63488,152,152,63640
test,755,134,137216,326,326,137542
test,756,151,154624,384,384,155008
test,757,147,150528,377,377,150905
test,758,46,47104,98,98,47202
test,759,73,74752,172,172,74924
test,760,55,56320,121,121,56441
test,761,35,35840,79,79,35919
test,762,12,12288,23,23,12311
test,763,197,201728,489,489,202217
test,764,61,62464,146,146,62610
test,765,28,28672,68,68,28740
test,766,14,14336,28,28,14364
test,767,35,35840,76,76,35916
test,768,177,181248,468,468,181716
test,769,202,206848,524,524,207372
test,770,26,26624,59,59,26683
test,771,38,38912,81,81,38993
test,772,24,24576,47,47,24623
test,773,76,77824,181,181,78005
test,774,67,68608,150,150,68758
test,775,85,87040,213,213,87253
test,776,50,51200,117,117,51317
test,777,59,60416,132,132,60548
test,778,142,145408,353,353,145761
test,779,55,56320,121,121,56441
test,780,37,37888,85,85,37973
test,781,193,197632,504,504,198136
test,782,35,35840,80,80,35920
test,783,32,32768,73,73,32841
test,784,95,97280,219,219,97499
test,785,63,64512,148,148,64660
test,786,39,39936,89,89,40025
test,787,69,70656,166,166,70822
test,788,144,147456,362,362,147818
test,789,227,232448,610,610,233058
test,790,24,24576,49,49,24625
test,791,30,30720,71,71,30791
test,792,107,109568,281,281,109849
test,793,77,78848,183,183,79031
test,794,28,28672,65,65,28737
test,795,71,72704,174,174,72878
test,796,15,15360,31,31,15391
test,797,16,16384,33,33,16417
test,798,25,25600,58,58,25658
test,799,39,39936,92,92,40028
test,800,281,287744,786,786,288530
test,801,118,120832,316,316,121148
test,802,100,102400,243,243,102643
test,803,23,23552,50,50,23602
test,804,64,65536,158,158,65694
test,805,258,264192,707,707,264899
test,806,17,17408,33,33,17441
test,807,45,46080,109,109,46189
test,808,117,119808,286,286,120094
test,809,25,25600,60,60,25660
test,810,62,63488,144,144,63632
test,811,19,19456,40,40,19496
test,812,36,36864,83,83,36947
test,813,62,63488,144,144,63632
test,814,22,22528,49,49,22577
test,815,35,35840,74,74,35914
test,816,42,43008,92,92,43100
test,817,115,117760,297,297,118057
test,818,69,70656,169,169,70825
test,819,77,78848,191,191,79039
test,820,427,437248,1205,1205,438453
test,821,45,46080,103,103,46183
test,822,59,60416,145,145,60561
test,823,30,30720,71,71,30791
test,824,70,71680,166,166,71846
test,825,64,65536,146,146,65682
test,826,35,35840,77,77,35917
test,827,110,112640,278,278,112918
test,828,21,21504,49,49,21553
test,829,67,68608,155,155,68763
test,830,25,25600,59,59,25659
test,831,129,132096,320,320,132416
test,832,31,31744,75,75,31819
test,833,114,116736,299,299,117035
test,834,29,29696,66,66,29762
test,835,221,226304,563,563,226867
test,836,29,29696,71,71,29767
test,837,10,10240,20,20,10260
test,838,54,55296,126,126,55422
test,839,235,240640,657,657,241297
test,840,39,39936,92,92,40028
test,841,135,138240,327,327,138567
test,842,28,28672,61,61,28733
test,843,26,26624,61,61,26685
test,844,33,33792,68,68,33860
test,845,83,84992,206,206,85198
test,846,56,57344,133,133,57477
test,847,11,11264,21,21,11285
test,848,46,47104,111,111,47215
test,849,139,142336,362,362,142698
test,850,22,22528,48,48,22576
test,851,54,55296,120,120,55416
test,852,27,27648,65,65,27713
test,853,30,30720,70,70,30790
test,854,61,62464,159,159,62623
test,855,73,74752,167,167,74919
test,856,16,16384,31,31,16415
test,857,25,25600,54,54,25654
test,858,15,15360,29,29,15389
test,859,32,32768,69,69,32837
test,860,319,326656,862,862,327518
test,861,32,32768,71,71,32839
test,862,53,54272,121,121,54393
test,863,97,99328,226,226,99554
test,864,44,45056,95,95,45151
test,865,38,38912,89,89,39001
test,866,43,44032,106,106,44138
test,867,57,58368,136,136,58504
test,868,15,15360,30,30,15390
test,869,23,23552,55,55,23607
test,870,103,105472,256,256,105728
test,871,14,14336,27,27,14363
test,872,22,22528,50,50,22578
test,873,46,47104,114,114,47218
test,874,67,68608,154,154,68762
test,875,31,31744,68,68,31812
test,876,160,163840,396,396,164236
test,877,86,88064,203,203,88267
test,878,30,30720,67,67,30787
test,879,74,75776,178,178,75954
test,880,99,101376,235,235,101611
test,881,25,25600,55,55,25655
test,882,119,121856,276,276,122132
test,883,136,139264,344,344,139608
test,884,46,47104,117,117,47221
test,885,15,15360,29,29,15389
test,886,63,64512,151,151,64663
test,887,57,58368,124,124,58492
test,888,42,43008,102,102,43110
test,889,49,50176,120,120,50296
test,890,96,98304,206,206,98510
test,891,33,33792,73,73,33865
test,892,72,73728,161,161,73889
test,893,71,72704,172,172,72876
test,894,65,66560,156,156,66716
test,895,31,31744,67,67,31811
test,896,47,48128,115,115,48243
test,897,221,226304,655,655,226959
test,898,59,60416,132,132,60548
test,899,28,28672,61,61,28733
test,900,47,48128,111,111,48239
test,901,40,40960,92,92,41052
test,902,35,35840,83,83,35923
test,903,53,54272,114,114,54386
test,904,29,29696,63,63,29759
test,905,36,36864,82,82,36946
test,906,96,98304,256,256,98560
test,907,57,58368,138,138,58506
test,908,37,37888,86,86,37974
test,909,70,71680,156,156,71836
test,910,36,36864,75,75,36939
test,911,51,52224,118,118,52342
test,912,74,75776,175,175,75951
test,913,25,25600,61,61,25661
test,914,132,135168,332,332,135500
test,915,73,74752,182,182,74934
test,916,29,29696,62,62,29758
test,917,47,48128,110,110,48238
test,918,35,35840,76,76,35916
test,919,126,129024,317,317,129341
test,920,80,81920,201,201,82121
test,921,25,25600,57,57,25657
test,922,68,69632,163,163,69795
test,923,128,131072,325,325,131397
test,924,40,40960,89,89,41049
test,925,245,250880,688,688,251568
test,926,80,81920,185,185,82105
test,927,25,25600,55,55,25655
test,928,43,44032,90,90,44122
test,929,28,28672,61,61,28733
test,930,10,10240,20,20,10260
test,931,25,25600,55,55,25655
test,932,23,23552,58,58,23610
test,933,37,37888,87,87,37975
test,934,38,38912,86,86,38998
test,935,51,52224,123,123,52347
test,936,15,15360,29,29,15389
test,937,44,45056,98,98,45154
test,938,30,30720,68,68,30788
test,939,120,122880,325,325,123205
test,940,57,58368,122,122,58490
test,941,84,86016,196,196,86212
test,942,25,25600,54,54,25654
test,943,70,71680,163,163,71843
test,944,61,62464,135,135,62599
test,945,34,34816,73,73,34889
test,946,50,51200,117,117,51317
test,947,132,135168,320,320,135488
test,948,60,61440,150,150,61590
test,949,55,56320,134,134,56454
test,950,26,26624,58,58,26682
test,951,88,90112,232,232,90344
test,952,155,158720,427,427,159147
test,953,60,61440,138,138,61578
test,954,26,26624,57,57,26681
test,955,148,151552,386,386,151938
test,956,30,30720,69,69,30789
test,957,12,12288,24,24,12312
test,958,32,32768,67,67,32835
test,959,36,36864,80,80,36944
test,960,26,26624,62,62,26686
test,961,88,90112,206,206,90318
test,962,61,62464,131,131,62595
test,963,87,89088,201,201,89289
test,964,292,299008,847,847,299855
test,965,90,92160,225,225,92385
test,966,32,32768,73,73,32841
test,967,192,196608,525,525,197133
test,968,40,40960,92,92,41052
test,969,41,41984,97,97,42081
test,970,27,27648,54,54,27702
test,971,32,32768,76,76,32844
test,972,24,24576,53,53,24629
test,973,148,151552,384,384,151936
test,974,161,164864,424,424,165288
test,975,43,44032,95,95,44127
test,976,22,22528,43,43,22571
test,977,165,168960,429,429,169389
test,978,57,58368,126,126,58494
test,979,87,89088,203,203,89291
test,980,50,51200,117,117,51317
test,981,49,50176,116,116,50292
test,982,24,24576,53,53,24629
test,983,61,62464,133,133,62597
test,984,121,123904,290,290,124194
test,985,64,65536,149,149,65685
test,986,44,45056,96,96,45152
test,987,51,52224,109,109,52333
test,988,224,229376,632,632,230008
test,989,12,12288,23,23,12311
test,990,37,37888,89,89,37977
test,991,58,59392,141,141,59533
test,992,39,39936,90,90,40026
test,993,98,100352,232,232,100584
test,994,34,34816,76,76,34892
test,995,22,22528,45,45,22573
test,996,76,77824,180,180,78004
test,997,57,58368,133,133,58501
test,998,136,139264,344,344,139608
test,999,129,132096,325,325,132421
test,1000,51,52224,116,116,52340
test,1001,42,43008,94,94,43102
test,1002,43,44032,94,94,44126
test,1003,29,29696,72,72,29768
test,1004,20,20480,44,44,20524
test,1005,103,105472,250,250,105722
test,1006,71,72704,172,172,72876
test,1007,76,77824,180,180,78004
test,1008,38,38912,79,79,38991
test,1009,51,52224,118,118,52342
test,1010,45,46080,99,99,46179
test,1011,106,108544,281,281,108825
test,1012,27,27648,64,64,27712
test,1013,100,102400,242,242,102642
test,1014,11,11264,22,22,11286
test,1015,51,52224,140,140,52364
test,1016,126,129024,337,337,129361
test,1017,61,62464,138,138,62602
test,1018,130,133120,325,325,133445
test,1019,58,59392,146,146,59538
test,1020,14,14336,27,27,14363
test,1021,244,249856,660,660,250516
test,1022,60,61440,141,141,61581
test,1023,41,41984,97,97,42081
test,1024,24,24576,57,57,24633
test,1025,63,64512,146,146,64658
test,1026,11,11264,21,21,11285
test,1027,46,47104,104,104,47208
test,1028,40,40960,93,93,41053
test,1029,54,55296,118,118,55414
test,1030,20,20480,44,44,20524
test,1031,125,128000,310,310,128310
test,1032,168,172032,444,444,172476
test,1033,48,49152,123,123,49275
test,1034,25,25600,56,56,25656
test,1035,60,61440,141,141,61581
test,1036,26,26624,56,56,26680
test,1037,31,31744,64,64,31808
test,1038,45,46080,102,102,46182
test,1039,30,30720,70,70,30790
test,1040,35,35840,76,76,35916
test,1041,54,55296,125,125,55421
test,1042,63,64512,144,144,64656
test,1043,185,189440,463,463,189903
test,1044,74,75776,174,174,75950
test,1045,81,82944,198,198,83142
test,1046,38,38912,86,86,38998
test,1047,26,26624,62,62,26686
test,1048,194,198656,509,509,199165
test,1049,62,63488,134,134,63622
test,1050,34,34816,79,79,34895
test,1051,24,24576,54,54,24630
test,1052,24,24576,55,55,24631
test,1053,29,29696,62,62,29758
test,1054,39,39936,89,89,40025
test,1055,81,82944,188,188,83132
test,1056,60,61440,136,136,61576
test,1057,70,71680,180,180,71860
test,1058,42,43008,98,98,43106
test,1059,155,158720,406,406,159126
test,1060,29,29696,70,70,29766
test,1061,108,110592,259,259,110851
test,1062,93,95232,239,239,95471
test,1063,56,57344,134,134,57478
test,1064,75,76800,174,174,76974
test,1065,246,251904,673,673,252577
test,1066,124,126976,313,313,127289
test,1067,36,36864,77,77,36941
test,1068,42,43008,101,101,43109
test,1069,12,12288,24,24,12312
test,1070,45,46080,102,102,46182
test,1071,91,93184,221,221,93405
test,1072,71,72704,171,171,72875
test,1073,23,23552,54,54,23606
test,1074,36,36864,91,91,36955
test,1075,30,30720,65,65,30785
test,1076,13,13312,26,26,13338
test,1077,235,240640,676,676,241316
test,1078,31,31744,77,77,31821
test,1079,101,103424,236,236,103660
test,1080,26,26624,60,60,26684
test,1081,29,29696,64,64,29760
test,1082,40,40960,86,86,41046
test,1083,61,62464,137,137,62601
test,1084,62,63488,154,154,63642
test,1085,50,51200,116,116,51316
test,1086,82,83968,199,199,84167
test,1087,20,20480,49,49,20529
test,1088,75,76800,172,172,76972
test,1089,34,34816,75,75,34891
test,1090,49,50176,113,113,50289
test,1091,28,28672,61,61,28733
test,1092,22,22528,43,43,22571
test,1093,79,80896,191,191,81087
test,1094,26,26624,62,62,26686
test,1095,138,141312,329,329,141641
test,1096,11,11264,22,22,11286
test,1097,28,28672,65,65,28737
test,1098,57,58368,135,135,58503
test,1099,78,79872,203,203,80075
test,1100,74,75776,174,174,75950
test,1101,40,40960,84,84,41044
test,1102,43,44032,96,96,44128
test,1103,63,64512,150,150,64662
test,1104,29,29696,68,68,29764
test,1105,62,63488,154,154,63642
test,1106,83,84992,196,196,85188
test,1107,129,132096,349,349,132445
test,1108,36,36864,83,83,36947
test,1109,42,43008,95,95,43103
test,1110,130,133120,314,314,133434
test,1111,23,23552,53,53,23605
test,1112,390,399360,1142,1142,400502
test,1113,99,101376,222,222,101598
test,1114,57,58368,129,129,58497
test,1115,210,215040,563,563,215603
test,1116,28,28672,57,57,28729
test,1117,27,27648,63,63,27711
test,1118,70,71680,170,170,71850
test,1119,228,233472,617,617,234089
test,1120,80,81920,189,189,82109
test,1121,30,30720,67,67,30787
test,1122,72,73728,168,168,73896
test,1123,84,86016,201,201,86217
test,1124,77,78848,180,180,79028
test,1125,67,68608,158,158,68766
test,1126,29,29696,66,66,29762
test,1127,24,24576,49,49,24625
test,1128,37,37888,86,86,37974
test,1129,148,151552,397,397,151949
test,1130,18,18432,40,40,18472
test,1131,167,171008,420,420,171428
test,1132,20,20480,43,43,20523
test,1133,94,96256,242,242,96498
test,1134,59,60416,129,129,60545
test,1135,22,22528,44,44,22572
test,1136,24,24576,57,57,24633
test,1137,76,77824,171,171,77995
test,1138,12,12288,24,24,12312
test,1139,17,17408,33,33,17441
test,1140,35,35840,80,80,35920
test,1141,66,67584,165,165,67749
test,1142,25,25600,56,56,25656
test,1143,82,83968,242,242,84210
test,1144,62,63488,147,147,63635
test,1145,30,30720,66,66,30786
test,1146,26,26624,64,64,26688
test,1147,14,14336,27,27,14363
test,1148,57,58368,129,129,58497
test,1149,117,119808,280,280,120088
test,1150,17,17408,33,33,17441
test,1151,28,28672,57,57,28729
test,1152,48,49152,107,107,49259
test,1153,111,113664,272,272,113936
test,1154,45,46080,102,102,46182
test,1155,28,28672,60,60,28732
test,1156,23,23552,53,53,23605
test,1157,66,67584,151,151,67735
test,1158,23,23552,46,46,23598
test,1159,37,37888,88,88,37976
test,1160,172,176128,437,437,176565
test,1161,24,24576,49,49,24625
test,1162,50,51200,112,112,51312
test,1163,22,22528,43,43,22571
test,1164,50,51200,120,120,51320
test,1165,30,30720,64,64,30784
test,1166,40,40960,88,88,41048
test,1167,32,32768,67,67,32835
test,1168,102,104448,246,246,104694
test,1169,142,145408,350,350,145758
test,1170,26,26624,60,60,26684
test,1171,28,28672,60,60,28732
test,1172,63,64512,142,142,64654
test,1173,96,98304,222,222,98526
test,1174,164,167936,478,478,168414
test,1175,41,41984,92,92,42076
test,1176,46,47104,100,100,47204
test,1177,17,17408,34,34,17442
test,1178,72,73728,169,169,73897
test,1179,286,292864,867,867,293731
test,1180,31,31744,70,70,31814
test,1181,24,24576,55,55,24631
test,1182,84,86016,190,190,86206
test,1183,73,74752,178,178,74930
test,1184,90,92160,250,250,92410
test,1185,45,46080,97,97,46177
test,1186,210,215040,570,570,215610
test,1187,151,154624,413,413,155037
test,1188,34,34816,71,71,34887
test,1189,109,111616,260,260,111876
test,1190,47,48128,106,106,48234
test,1191,87,89088,220,220,89308
test,1192,43,44032,93,93,44125
test,1193,21,21504,45,45,21549
test,1194,365,373760,1032,1032,374792
test,1195,70,71680,167,167,71847
test,1196,62,63488,146,146,63634
test,1197,50,51200,124,124,51324
test,1198,319,326656,897,897,327553
test,1199,80,81920,193,193,82113
test,1200,44,45056,110,110,45166
test,1201,30,30720,71,71,30791
test,1202,212,217088,562,562,217650
test,1203,77,78848,176,176,79024
test,1204,150,153600,375,375,153975
test,1205,27,27648,63,63,27711
test,1206,102,104448,268,268,104716
test,1207,13,13312,25,25,13337
test,1208,64,65536,143,143,65679
test,1209,22,22528,48,48,22576
test,1210,32,32768,71,71,32839
test,1211,30,30720,65,65,30785
test,1212,71,72704,163,163,72867
test,1213,44,45056,103,103,45159
test,1214,40,40960,88,88,41048
test,1215,52,53248,114,114,53362
test,1216,54,55296,123,123,55419
test,1217,39,39936,90,90,40026
test,1218,53,54272,118,118,54390
test,1219,22,22528,44,44,22572
test,1220,30,30720,73,73,30793
test,1221,30,30720,63,63,30783
test,1222,28,28672,64,64,28736
test,1223,82,83968,177,177,84145
test,1224,47,48128,109,109,48237
test,1225,57,58368,131,131,58499
test,1226,82,83968,190,190,84158
test,1227,48,49152,116,116,49268
test,1228,64,65536,154,154,65690
test,1229,51,52224,123,123,52347
test,1230,70,71680,162,162,71842
test,1231,50,51200,120,120,51320
test,1232,68,69632,175,175,69807
test,1233,40,40960,96,96,41056
test,1234,23,23552,53,53,23605
test,1235,11,11264,21,21,11285
test,1236,52,53248,128,128,53376
test,1237,126,129024,309,309,129333
test,1238,60,61440,144,144,61584
test,1239,26,26624,58,58,26682
test,1240,84,86016,219,219,86235
test,1241,25,25600,60,60,25660
test,1242,333,340992,878,878,341870
test,1243,49,50176,107,107,50283
test,1244,53,54272,128,128,54400
test,1245,52,53248,116,116,53364
test,1246,28,28672,62,62,28734
test,1247,288,294912,813,813,295725
test,1248,61,62464,146,146,62610
test,1249,13,13312,25,25,13337
test,1250,33,33792,79,79,33871
test,1251,112,114688,272,272,114960
test,1252,179,183296,465,465,183761
test,1253,63,64512,165,165,64677
test,1254,109,111616,280,280,111896
test,1255,21,21504,46,46,21550
test,1256,127,130048,304,304,130352
test,1257,28,28672,64,64,28736
test,1258,21,21504,49,49,21553
test,1259,80,81920,182,182,82102
test,1260,32,32768,68,68,32836
test,1261,52,53248,124,124,53372
test,1262,52,53248,116,116,53364
test,1263,26,26624,54,54,26678
test,1264,116,118784,303,303,119087
test,1265,109,111616,271,271,111887
test,1266,173,177152,483,483,177635
test,1267,144,147456,350,350,147806
test,1268,54,55296,115,115,55411
test,1269,38,38912,93,93,39005
test,1270,50,51200,120,120,51320
test,1271,32,32768,72,72,32840
test,1272,25,25600,55,55,25655
test,1273,47,48128,104,104,48232
test,1274,61,62464,140,140,62604
test,1275,44,45056,106,106,45162
test,1276,69,70656,164,164,70820
test,1277,79,80896,191,191,81087
test,1278,38,38912,86,86,38998
test,1279,22,22528,45,45,22573
test,1280,25,25600,55,55,25655
test,1281,273,279552,778,778,280330
test,1282,60,61440,129,129,61569
test,1283,12,12288,23,23,12311
test,1284,66,67584,152,152,67736
test,1285,31,31744,63,63,31807
test,1286,236,241664,620,620,242284
test,1287,67,68608,149,149,68757
test,1288,28,28672,61,61,28733
test,1289,35,35840,77,77,35917
test,1290,31,31744,69,69,31813
test,1291,25,25600,56,56,25656
test,1292,137,140288,365,365,140653
test,1293,123,125952,315,315,126267
test,1294,30,30720,73,73,30793
test,1295,15,15360,30,30,15390
test,1296,56,57344,125,125,57469
test,1297,40,40960,88,88,41048
test,1298,43,44032,95,95,44127
test,1299,36,36864,84,84,36948
test,1300,50,51200,129,129,51329
test,1301,181,185344,509,509,185853
test,1302,80,81920,180,180,82100
test,1303,59,60416,126,126,60542
test,1304,10,10240,19,19,10259
test,1305,46,47104,103,103,47207
test,1306,82,83968,197,197,84165
test,1307,51,52224,109,109,52333
test,1308,214,219136,597,597,219733
test,1309,24,24576,54,54,24630
test,1310,24,24576,56,56,24632
test,1311,65,66560,156,156,66716
test,1312,30,30720,70,70,30790
test,1313,21,21504,46,46,21550
test,1314,66,67584,153,153,67737
test,1315,46,47104,103,103,47207
test,1316,71,72704,166,166,72870
test,1317,26,26624,58,58,26682
test,1318,36,36864,83,83,36947
test,1319,25,25600,51,51,25651
test,1320,50,51200,109,109,51309
test,1321,43,44032,104,104,44136
test,1322,24,24576,59,59,24635
test,1323,63,64512,152,152,64664
test,1324,49,50176,116,116,50292
test,1325,10,10240,19,19,10259
test,1326,64,65536,144,144,65680
test,1327,20,20480,39,39,20519
test,1328,315,322560,909,909,323469
test,1329,160,163840,431,431,164271
test,1330,51,52224,114,114,52338
test,1331,58,59392,151,151,59543
test,1332,151,154624,378,378,155002
test,1333,17,17408,33,33,17441
test,1334,24,24576,53,53,24629
test,1335,45,46080,100,100,46180
test,1336,41,41984,91,91,42075
test,1337,60,61440,147,147,61587
test,1338,33,33792,82,82,33874
test,1339,30,30720,67,67,30787
test,1340,151,154624,372,372,154996
test,1341,70,71680,166,166,71846
test,1342,161,164864,377,377,165241
test,1343,113,115712,296,296,116008
test,1344,71,72704,177,177,72881
test,1345,52,53248,127,127,53375
test,1346,54,55296,125,125,55421
test,1347,41,41984,93,93,42077
test,1348,27,27648,58,58,27706
test,1349,64,65536,137,137,65673
test,1350,65,66560,147,147,66707
test,1351,60,61440,134,134,61574
test,1352,32,32768,71,71,32839
test,1353,52,53248,121,121,53369
test,1354,127,130048,328,328,130376
test,1355,24,24576,49,49,24625
test,1356,105,107520,251,251,107771
test,1357,49,50176,106,106,50282
test,1358,30,30720,68,68,30788
test,1359,91,93184,225,225,93409
test,1360,53,54272,126,126,54398
test,1361,14,14336,27,27,14363
test,1362,29,29696,62,62,29758
test,1363,24,24576,55,55,24631
test,1364,55,56320,121,121,56441
test,1365,49,50176,117,117,50293
test,1366,9,9216,17,17,9233
test,1367,153,156672,386,386,157058
test,1368,83,84992,196,196,85188
test,1369,12,12288,23,23,12311
test,1370,119,121856,294,294,122150
test,1371,29,29696,63,63,29759
test,1372,48,49152,119,119,49271
test,1373,73,74752,157,157,74909
test,1374,386,395264,1093,1093,396357
test,1375,13,13312,25,25,13337
test,1376,117,119808,302,302,120110
test,1377,148,151552,366,366,151918
test,1378,24,24576,52,52,24628
test,1379,21,21504,46,46,21550
test,1380,60,61440,131,131,61571
test,1381,16,16384,31,31,16415
test,1382,52,53248,120,120,53368
test,1383,165,168960,426,426,169386
test,1384,27,27648,63,63,27711
test,1385,28,28672,66,66,28738
test,1386,107,109568,258,258,109826
test,1387,37,37888,82,82,37970
test,1388,24,24576,57,57,24633
test,1389,23,23552,46,46,23598
test,1390,41,41984,93,93,42077
test,1391,78,79872,184,184,80056
test,1392,42,43008,100,100,43108
test,1393,24,24576,49,49,24625
test,1394,25,25600,51,51,25651
test,1395,77,78848,189,189,79037
test,1396,72,73728,170,170,73898
test,1397,50,51200,116,116,51316
test,1398,15,15360,30,30,15390
test,1399,117,119808,296,296,120104
test,1400,17,17408,34,34,17442
test,1401,39,39936,88,88,40024
test,1402,50,51200,114,114,51314
test,1403,140,143360,380,380,143740
test,1404,216,221184,601,601,221785
test,1405,41,41984,93,93,42077
test,1406,97,99328,251,251,99579
test,1407,26,26624,56,56,26680
test,1408,71,72704,155,155,72859
test,1409,79,80896,188,188,81084
test,1410,96,98304,230,230,98534
test,1411,131,134144,323,323,134467
test,1412,50,51200,109,109,51309
test,1413,40,40960,93,93,41053
test,1414,58,59392,143,143,59535
test,1415,78,79872,183,183,80055
test,1416,101,103424,247,247,103671
test,1417,123,125952,328,328,126280
test,1418,37,37888,84,84,37972
test,1419,60,61440,137,137,61577
test,1420,33,33792,73,73,33865
test,1421,78,79872,180,180,80052
test,1422,36,36864,78,78,36942
test,1423,63,64512,151,151,64663
test,1424,40,40960,90,90,41050
test,1425,62,63488,143,143,63631
test,1426,57,58368,148,148,58516
test,1427,48,49152,112,112,49264
test,1428,15,15360,30,30,15390
test,1429,20,20480,39,39,20519
test,1430,33,33792,75,75,33867
test,1431,34,34816,83,83,34899
test,1432,29,29696,62,62,29758
test,1433,42,43008,91,91,43099
test,1434,14,14336,27,27,14363
test,1435,75,76800,175,175,76975
test,1436,24,24576,52,52,24628
test,1437,78,79872,175,175,80047
test,1438,75,76800,179,179,76979
test,1439,53,54272,135,135,54407
test,1440,28,28672,65,65,28737
test,1441,24,24576,61,61,24637
test,1442,286,292864,759,759,293623
test,1443,69,70656,162,162,70818
test,1444,42,43008,92,92,43100
test,1445,269,275456,722,722,276178
test,1446,26,26624,56,56,26680
test,1447,25,25600,55,55,25655
test,1448,77,78848,185,185,79033
test,1449,29,29696,68,68,29764
test,1450,24,24576,51,51,24627
test,1451,43,44032,106,106,44138
test,1452,78,79872,179,179,80051
test,1453,70,71680,162,162,71842
test,1454,30,30720,65,65,30785
test,1455,115,117760,266,266,118026
test,1456,151,154624,388,388,155012
test,1457,33,33792,72,72,33864
test,1458,77,78848,176,176,79024
test,1459,49,50176,114,114,50290
test,1460,33,33792,71,71,33863
test,1461,20,20480,43,43,20523
test,1462,27,27648,60,60,27708
test,1463,9,9216,18,18,9234
test,1464,26,26624,64,64,26688
test,1465,69,70656,156,156,70812
test,1466,91,93184,229,229,93413
test,1467,46,47104,105,105,47209
test,1468,25,25600,54,54,25654
test,1469,43,44032,99,99,44131
test,1470,29,29696,65,65,29761
test,1471,12,12288,23,23,12311
test,1472,82,83968,193,193,84161
test,1473,44,45056,102,102,45158
test,1474,62,63488,152,152,63640
test,1475,58,59392,141,141,59533
test,1476,18,18432,36,36,18468
test,1477,67,68608,151,151,68759
test,1478,139,142336,345,345,142681
test,1479,40,40960,94,94,41054
test,1480,69,70656,170,170,70826
test,1481,113,115712,281,281,115993
test,1482,49,50176,113,113,50289
test,1483,27,27648,63,63,27711
test,1484,17,17408,36,36,17444
test,1485,45,46080,96,96,46176
test,1486,24,24576,60,60,24636
test,1487,66,67584,152,152,67736
test,1488,65,66560,159,159,66719
test,1489,85,87040,191,191,87231
test,1490,22,22528,45,45,22573
test,1491,22,22528,46,46,22574
test,1492,357,365568,992,992,366560
test,1493,72,73728,179,179,73907
test,1494,30,30720,64,64,30784
test,1495,110,112640,277,277,112917
test,1496,12,12288,23,23,12311
test,1497,82,83968,193,193,84161
test,1498,44,45056,101,101,45157
test,1499,32,32768,69,69,32837
test,1500,37,37888,79,79,37967
test,1501,14,14336,28,28,14364
test,1502,81,82944,203,203,83147
test,1503,230,235520,602,602,236122
test,1504,34,34816,80,80,34896
test,1505,47,48128,101,101,48229
test,1506,25,25600,57,57,25657
test,1507,24,24576,55,55,24631
test,1508,18,18432,38,38,18470
test,1509,57,58368,129,129,58497
test,1510,102,104448,254,254,104702
test,1511,25,25600,59,59,25659
test,1512,66,67584,154,154,67738
test,1513,91,93184,218,218,93402
test,1514,220,225280,597,597,225877
test,1515,19,19456,37,37,19493
test,1516,78,79872,177,177,80049
test,1517,25,25600,60,60,25660
test,1518,146,149504,365,365,149869
test,1519,51,52224,114,114,52338
test,1520,34,34816,71,71,34887
test,1521,26,26624,60,60,26684
test,1522,20,20480,39,39,20519
test,1523,182,186368,496,496,186864
test,1524,22,22528,52,52,22580
test,1525,34,34816,73,73,34889
test,1526,79,80896,174,174,81070
test,1527,14,14336,27,27,14363
test,1528,11,11264,21,21,11285
test,1529,252,258048,718,718,258766
test,1530,22,22528,44,44,22572
test,1531,113,115712,280,280,115992
test,1532,27,27648,61,61,27709
test,1533,78,79872,182,182,80054
test,1534,22,22528,51,51,22579
test,1535,60,61440,129,129,61569
test,1536,18,18432,36,36,18468
test,1537,26,26624,65,65,26689
test,1538,29,29696,62,62,29758
test,1539,267,273408,802,802,274210
test,1540,133,136192,339,339,136531
test,1541,28,28672,63,63,28735
test,1542,94,96256,248,248,96504
test,1543,35,35840,73,73,35913
test,1544,77,78848,175,175,79023
test,1545,20,20480,44,44,20524
test,1546,186,190464,486,486,190950
test,1547,24,24576,55,55,24631
test,1548,32,32768,75,75,32843
test,1549,22,22528,49,49,22577
test,1550,36,36864,86,86,36950
test,1551,92,94208,234,234,94442
test,1552,143,146432,356,356,146788
test,1553,33,33792,76,76,33868
test,1554,14,14336,27,27,14363
test,1555,14,14336,27,27,14363
test,1556,25,25600,54,54,25654
test,1557,88,90112,222,222,90334
test,1558,19,19456,37,37,19493
test,1559,21,21504,45,45,21549
test,1560,15,15360,30,30,15390
test,1561,42,43008,94,94,43102
test,1562,13,13312,25,25,13337
test,1563,23,23552,54,54,23606
test,1564,79,80896,181,181,81077
test,1565,81,82944,200,200,83144
test,1566,58,59392,127,127,59519
test,1567,26,26624,66,66,26690
test,1568,25,25600,61,61,25661
test,1569,27,27648,66,66,27714
test,1570,226,231424,636,636,232060
test,1571,68,69632,166,166,69798
test,1572,16,16384,32,32,16416
test,1573,29,29696,71,71,29767
test,1574,100,102400,246,246,102646
test,1575,25,25600,58,58,25658
test,1576,16,16384,34,34,16418
test,1577,34,34816,75,75,34891
test,1578,232,237568,629,629,238197
test,1579,22,22528,49,49,22577
test,1580,77,78848,175,175,79023
test,1581,32,32768,72,72,32840
test,1582,63,64512,153,153,64665
test,1583,26,26624,54,54,26678
test,1584,20,20480,46,46,20526
test,1585,22,22528,49,49,22577
test,1586,28,28672,71,71,28743
test,1587,45,46080,117,117,46197
test,1588,37,37888,89,89,37977
test,1589,14,14336,28,28,14364
test,1590,111,113664,266,266,113930
test,1591,23,23552,46,46,23598
test,1592,67,68608,180,180,68788
test,1593,23,23552,49,49,23601
test,1594,33,33792,69,69,33861
test,1595,84,86016,194,194,86210
test,1596,28,28672,62,62,28734
test,1597,82,83968,188,188,84156
test,1598,146,149504,350,350,149854
test,1599,24,24576,54,54,24630
test,1600,46,47104,99,99,47203
test,1601,44,45056,104,104,45160
test,1602,83,84992,196,196,85188
test,1603,27,27648,59,59,27707
test,1604,33,33792,69,69,33861
test,1605,33,33792,79,79,33871
test,1606,26,26624,70,70,26694
test,1607,21,21504,46,46,21550
test,1608,24,24576,55,55,24631
test,1609,47,48128,107,107,48235
test,1610,252,258048,697,697,258745
test,1611,35,35840,76,76,35916
test,1612,29,29696,63,63,29759
test,1613,74,75776,168,168,75944
test,1614,98,100352,241,241,100593
test,1615,38,38912,93,93,39005
test,1616,98,100352,226,226,100578
test,1617,81,82944,182,182,83126
test,1618,40,40960,84,84,41044
test,1619,44,45056,109,109,45165
test,1620,63,64512,142,142,64654
test,1621,166,169984,431,431,170415
test,1622,74,75776,171,171,75947
test,1623,54,55296,124,124,55420
test,1624,55,56320,122,122,56442
test,1625,41,41984,98,98,42082
test,1626,28,28672,66,66,28738
test,1627,66,67584,144,144,67728
test,1628,58,59392,129,129,59521
test,1629,71,72704,174,174,72878
test,1630,120,122880,299,299,123179
test,1631,78,79872,193,193,80065
test,1632,37,37888,85,85,37973
test,1633,21,21504,43,43,21547
test,1634,121,123904,306,306,124210
test,1635,76,77824,179,179,78003
test,1636,53,54272,114,114,54386
test,1637,57,58368,129,129,58497
test,1638,104,106496,259,259,106755
test,1639,25,25600,54,54,25654
test,1640,92,94208,224,224,94432
test,1641,36,36864,83,83,36947
test,1642,133,136192,333,333,136525
test,1643,38,38912,84,84,38996
test,1644,71,72704,168,168,72872
test,1645,34,34816,79,79,34895
test,1646,84,86016,197,197,86213
test,1647,52,53248,118,118,53366
test,1648,64,65536,148,148,65684
test,1649,70,71680,175,175,71855
test,1650,26,26624,57,57,26681
test,1651,36,36864,78,78,36942
test,1652,47,48128,108,108,48236
test,1653,11,11264,22,22,11286
test,1654,39,39936,90,90,40026
test,1655,126,129024,298,298,129322
test,1656,66,67584,152,152,67736
test,1657,30,30720,67,67,30787
test,1658,11,11264,21,21,11285
test,1659,46,47104,107,107,47211
test,1660,30,30720,65,65,30785
test,1661,179,183296,480,480,183776
test,1662,122,124928,312,312,125240
test,1663,66,67584,156,156,67740
test,1664,22,22528,50,50,22578
test,1665,82,83968,192,192,84160
test,1666,30,30720,71,71,30791
test,1667,30,30720,66,66,30786
test,1668,56,57344,123,123,57467
test,1669,72,73728,173,173,73901
test,1670,28,28672,64,64,28736
test,1671,27,27648,61,61,27709
test,1672,65,66560,157,157,66717
test,1673,257,263168,725,725,263893
test,1674,16,16384,31,31,16415
test,1675,54,55296,129,129,55425
test,1676,23,23552,47,47,23599
test,1677,131,134144,346,346,134490
test,1678,41,41984,96,96,42080
test,1679,72,73728,172,172,73900
test,1680,25,25600,56,56,25656
test,1681,22,22528,50,50,22578
test,1682,65,66560,137,137,66697
test,1683,71,72704,163,163,72867
test,1684,29,29696,71,71,29767
test,1685,30,30720,65,65,30785
test,1686,37,37888,82,82,37970
test,1687,75,76800,184,184,76984
test,1688,45,46080,106,106,46186
test,1689,56,57344,126,126,57470
test,1690,45,46080,101,101,46181
test,1691,110,112640,283,283,112923
test,1692,64,65536,153,153,65689
test,1693,38,38912,85,85,38997
test,1694,159,162816,437,437,163253
test,1695,150,153600,360,360,153960
test,1696,174,178176,451,451,178627
test,1697,69,70656,169,169,70825
test,1698,118,120832,285,285,121117
test,1699,32,32768,76,76,32844
test,1700,31,31744,68,68,31812
test,1701,260,266240,701,701,266941
test,1702,46,47104,106,106,47210
test,1703,61,62464,148,148,62612
test,1704,135,138240,348,348,138588
test,1705,45,46080,105,105,46185
test,1706,48,49152,112,112,49264
test,1707,27,27648,62,62,27710
test,1708,66,67584,159,159,67743
test,1709,208,212992,568,568,213560
test,1710,69,70656,159,159,70815
test,1711,42,43008,96,96,43104
test,1712,69,70656,169,169,70825
test,1713,21,21504,47,47,21551
test,1714,30,30720,76,76,30796
test,1715,14,14336,27,27,14363
test,1716,78,79872,179,179,80051
test,1717,144,147456,394,394,147850
test,1718,55,56320,130,130,56450
test,1719,70,71680,168,168,71848
test,1720,50,51200,117,117,51317
test,1721,19,19456,42,42,19498
test,1722,64,65536,158,158,65694
test,1723,31,31744,72,72,31816
test,1724,126,129024,329,329,129353
test,1725,39,39936,83,83,40019
test,1726,31,31744,72,72,31816
test,1727,36,36864,84,84,36948
test,1728,71,72704,175,175,72879
test,1729,67,68608,157,157,68765
test,1730,49,50176,109,109,50285
test,1731,25,25600,50,50,25650
test,1732,19,19456,43,43,19499
test,1733,55,56320,132,132,56452
test,1734,65,66560,150,150,66710
test,1735,44,45056,103,103,45159
test,1736,80,81920,186,186,82106
test,1737,84,86016,218,218,86234
test,1738,34,34816,79,79,34895
test,1739,316,323584,875,875,324459
test,1740,31,31744,69,69,31813
test,1741,30,30720,65,65,30785
test,1742,35,35840,74,74,35914
test,1743,18,18432,35,35,18467
test,1744,65,66560,150,150,66710
test,1745,21,21504,48,48,21552
test,1746,26,26624,55,55,26679
test,1747,32,32768,68,68,32836
test,1748,39,39936,98,98,40034
test,1749,21,21504,46,46,21550
test,1750,38,38912,85,85,38997
test,1751,232,237568,631,631,238199
test,1752,134,137216,331,331,137547
test,1753,37,37888,83,83,37971
test,1754,218,223232,606,606,223838
test,1755,25,25600,51,51,25651
test,1756,29,29696,65,65,29761
test,1757,82,83968,210,210,84178
test,1758,87,89088,231,231,89319
test,1759,79,80896,194,194,81090
test,1760,64,65536,150,150,65686
test,1761,134,137216,336,336,137552
test,1762,16,16384,32,32,16416
test,1763,24,24576,54,54,24630
test,1764,57,58368,128,128,58496
test,1765,54,55296,131,131,55427
test,1766,30,30720,66,66,30786
test,1767,22,22528,49,49,22577
test,1768,192,196608,511,511,197119
test,1769,163,166912,430,430,167342
test,1770,113,115712,277,277,115989
test,1771,36,36864,77,77,36941
test,1772,52,53248,118,118,53366
test,1773,10,10240,20,20,10260
test,1774,21,21504,47,47,21551
test,1775,26,26624,54,54,26678
test,1776,80,81920,182,182,82102
test,1777,92,94208,210,210,94418
test,1778,51,52224,108,108,52332
test,1779,208,212992,549,549,213541
test,1780,85,87040,199,199,87239
test,1781,31,31744,70,70,31814
test,1782,80,81920,177,177,82097
test,1783,215,220160,558,558,220718
test,1784,95,97280,249,249,97529
test,1785,78,79872,176,176,80048
test,1786,32,32768,74,74,32842
test,1787,19,19456,37,37,19493
test,1788,19,19456,40,40,19496
test,1789,113,115712,275,275,115987
test,1790,70,71680,167,167,71847
test,1791,54,55296,122,122,55418
test,1792,27,27648,62,62,27710
test,1793,70,71680,161,161,71841
test,1794,22,22528,48,48,22576
test,1795,25,25600,59,59,25659
test,1796,148,151552,388,388,151940
test,1797,41,41984,99,99,42083
test,1798,19,19456,42,42,19498
test,1799,80,81920,191,191,82111
test,1800,60,61440,141,141,61581
test,1801,331,338944,967,967,339911
test,1802,12,12288,24,24,12312
test,1803,166,169984,444,444,170428
test,1804,58,59392,127,127,59519
test,1805,44,45056,107,107,45163
test,1806,180,184320,456,456,184776
test,1807,28,28672,64,64,28736
test,1808,11,11264,21,21,11285
test,1809,35,35840,82,82,35922
test,1810,48,49152,114,114,49266
test,1811,79,80896,196,196,81092
test,1812,52,53248,120,120,53368
test,1813,114,116736,282,282,117018
test,1814,34,34816,72,72,34888
test,1815,53,54272,116,116,54388
test,1816,202,206848,528,528,207376
test,1817,69,70656,158,158,70814
test,1818,45,46080,101,101,46181
test,1819,32,32768,77,77,32845
test,1820,55,56320,130,130,56450
test,1821,16,16384,31,31,16415
test,1822,59,60416,134,134,60550
test,1823,31,31744,67,67,31811
test,1824,82,83968,201,201,84169
test,1825,62,63488,151,151,63639
test,1826,33,33792,73,73,33865
test,1827,22,22528,48,48,22576
test,1828,38,38912,85,85,38997
test,1829,22,22528,52,52,22580
test,1830,52,53248,124,124,53372
test,1831,82,83968,184,184,84152
test,1832,85,87040,192,192,87232
test,1833,30,30720,66,66,30786
test,1834,52,53248,117,117,53365
test,1835,128,131072,317,317,131389
test,1836,31,31744,68,68,31812
test,1837,36,36864,76,76,36940
test,1838,33,33792,70,70,33862
test,1839,36,36864,84,84,36948
test,1840,109,111616,263,263,111879
test,1841,17,17408,33,33,17441
test,1842,41,41984,86,86,42070
test,1843,29,29696,68,68,29764
test,1844,69,70656,160,160,70816
test,1845,21,21504,42,42,21546
test,1846,21,21504,46,46,21550
test,1847,26,26624,59,59,26683
test,1848,65,66560,150,150,66710
test,1849,24,24576,51,51,24627
test,1850,63,64512,146,146,64658
test,1851,60,61440,140,140,61580
test,1852,17,17408,33,33,17441
test,1853,127,130048,346,346,130394
test,1854,46,47104,104,104,47208
test,1855,75,76800,179,179,76979
test,1856,18,18432,36,36,18468
test,1857,11,11264,22,22,11286
test,1858,33,33792,74,74,33866
test,1859,72,73728,169,169,73897
test,1860,156,159744,386,386,160130
test,1861,15,15360,29,29,15389
test,1862,55,56320,124,124,56444
test,1863,132,135168,327,327,135495
test,1864,47,48128,106,106,48234
test,1865,249,254976,693,693,255669
test,1866,92,94208,227,227,94435
test,1867,14,14336,27,27,14363
test,1868,34,34816,83,83,34899
test,1869,24,24576,50,50,24626
test,1870,81,82944,186,186,83130
test,1871,224,229376,626,626,230002
test,1872,55,56320,130,130,56450
test,1873,129,132096,326,326,132422
test,1874,29,29696,67,67,29763
test,1875,129,132096,317,317,132413
test,1876,29,29696,60,60,29756
test,1877,116,118784,279,279,119063
test,1878,63,64512,157,157,64669
test,1879,24,24576,48,48,24624
test,1880,14,14336,27,27,14363
test,1881,68,69632,156,156,69788
test,1882,64,65536,157,157,65693
test,1883,26,26624,65,65,26689
test,1884,12,12288,24,24,12312
test,1885,109,111616,278,278,111894
test,1886,14,14336,27,27,14363
test,1887,56,57344,124,124,57468
test,1888,133,136192,347,347,136539
test,1889,202,206848,560,560,207408
test,1890,41,41984,97,97,42081
test,1891,66,67584,159,159,67743
test,1892,42,43008,93,93,43101
test,1893,97,99328,239,239,99567
test,1894,61,62464,134,134,62598
test,1895,40,40960,88,88,41048
test,1896,78,79872,193,193,80065
test,1897,24,24576,55,55,24631
test,1898,53,54272,118,118,54390
test,1899,45,46080,96,96,46176
test,1900,87,89088,195,195,89283
test,1901,69,70656,158,158,70814
test,1902,58,59392,126,126,59518
test,1903,9,9216,17,17,9233
test,1904,39,39936,95,95,40031
test,1905,201,205824,541,541,206365
test,1906,23,23552,52,52,23604
test,1907,70,71680,168,168,71848
test,1908,27,27648,61,61,27709
test,1909,69,70656,159,159,70815
test,1910,30,30720,68,68,30788
test,1911,36,36864,78,78,36942
test,1912,45,46080,97,97,46177
test,1913,62,63488,159,159,63647
test,1914,25,25600,56,56,25656
test,1915,26,26624,62,62,26686
test,1916,55,56320,126,126,56446
test,1917,127,130048,303,303,130351
test,1918,144,147456,360,360,147816
test,1919,176,180224,508,508,180732
test,1920,61,62464,138,138,62602
test,1921,10,10240,20,20,10260
test,1922,149,152576,356,356,152932
test,1923,89,91136,204,204,91340
test,1924,32,32768,77,77,32845
test,1925,74,75776,175,175,75951
test,1926,48,49152,101,101,49253
test,1927,23,23552,49,49,23601
test,1928,34,34816,77,77,34893
test,1929,13,13312,25,25,13337
test,1930,33,33792,76,76,33868
test,1931,63,64512,138,138,64650
test,1932,36,36864,84,84,36948
test,1933,84,86016,192,192,86208
test,1934,38,38912,88,88,39000
test,1935,146,149504,385,385,149889
test,1936,23,23552,47,47,23599
test,1937,16,16384,32,32,16416
test,1938,104,106496,244,244,106740
test,1939,76,77824,190,190,78014
test,1940,34,34816,71,71,34887
test,1941,42,43008,96,96,43104
test,1942,78,79872,184,184,80056
test,1943,146,149504,357,357,149861
test,1944,135,138240,335,335,138575
test,1945,67,68608,149,149,68757
test,1946,248,253952,648,648,254600
test,1947,75,76800,173,173,76973
test,1948,73,74752,172,172,74924
test,1949,158,161792,410,410,162202
test,1950,67,68608,158,158,68766
test,1951,21,21504,43,43,21547
test,1952,49,50176,107,107,50283
test,1953,70,71680,158,158,71838
test,1954,42,43008,93,93,43101
test,1955,27,27648,66,66,27714
test,1956,30,30720,63,63,30783
test,1957,39,39936,89,89,40025
test,1958,51,52224,113,113,52337
test,1959,15,15360,29,29,15389
test,1960,86,88064,203,203,88267
test,1961,51,52224,128,128,52352
test,1962,17,17408,33,33,17441
test,1963,62,63488,139,139,63627
test,1964,121,123904,313,313,124217
test,1965,106,108544,266,266,108810
test,1966,28,28672,64,64,28736
test,1967,70,71680,162,162,71842
test,1968,28,28672,63,63,28735
test,1969,43,44032,98,98,44130
test,1970,34,34816,76,76,34892
test,1971,41,41984,100,100,42084
test,1972,57,58368,128,128,58496
test,1973,66,67584,161,161,67745
test,1974,105,107520,259,259,107779
test,1975,59,60416,150,150,60566
test,1976,48,49152,114,114,49266
test,1977,57,58368,127,127,58495
test,1978,165,168960,452,452,169412
test,1979,80,81920,187,187,82107
test,1980,40,40960,87,87,41047
test,1981,26,26624,59,59,26683
test,1982,64,65536,140,140,65676
test,1983,22,22528,49,49,22577
test,1984,106,108544,254,254,108798
test,1985,70,71680,163,163,71843
test,1986,31,31744,71,71,31815
test,1987,27,27648,59,59,27707
test,1988,15,15360,30,30,15390
test,1989,62,63488,142,142,63630
test,1990,29,29696,66,66,29762
test,1991,152,155648,364,364,156012
test,1992,28,28672,62,62,28734
test,1993,58,59392,132,132,59524
test,1994,76,77824,177,177,78001
test,1995,67,68608,156,156,68764
test,1996,147,150528,369,369,150897
test,1997,118,120832,299,299,121131
test,1998,89,91136,211,211,91347
test,1999,50,51200,114,114,51314
test,2000,17,17408,39,39,17447
test,2001,25,25600,59,59,25659
test,2002,161,164864,459,459,165323
test,2003,31,31744,68,68,31812
test,2004,53,54272,109,109,54381
test,2005,105,107520,245,245,107765
test,2006,33,33792,72,72,33864
test,2007,64,65536,150,150,65686
test,2008,244,249856,660,660,250516
test,2009,87,89088,217,217,89305
test,2010,372,380928,1102,1102,382030
test,2011,25,25600,56,56,25656
test,2012,112,114688,285,285,114973
test,2013,16,16384,32,32,16416
test,2014,42,43008,89,89,43097
test,2015,49,50176,116,116,50292
test,2016,40,40960,90,90,41050
test,2017,42,43008,96,96,43104
test,2018,111,113664,279,279,113943
test,2019,43,44032,98,98,44130
test,2020,75,76800,189,189,76989
test,2021,32,32768,67,67,32835
test,2022,57,58368,124,124,58492
test,2023,29,29696,65,65,29761
test,2024,56,57344,142,142,57486
test,2025,260,266240,704,704,266944
test,2026,35,35840,74,74,35914
test,2027,108,110592,276,276,110868
test,2028,140,143360,354,354,143714
test,2029,43,44032,96,96,44128
test,2030,50,51200,110,110,51310
test,2031,72,73728,171,171,73899
test,2032,40,40960,91,91,41051
test,2033,106,108544,262,262,108806
test,2034,51,52224,111,111,52335
test,2035,135,138240,342,342,138582
test,2036,24,24576,54,54,24630
test,2037,51,52224,123,123,52347
test,2038,26,26624,57,57,26681
test,2039,37,37888,84,84,37972
test,2040,35,35840,73,73,35913
test,2041,70,71680,162,162,71842
test,2042,99,101376,254,254,101630
test,2043,130,133120,328,328,133448
test,2044,59,60416,141,141,60557
test,2045,49,50176,107,107,50283
test,2046,54,55296,116,116,55412
test,2047,28,28672,65,65,28737
test,2048,17,17408,34,34,17442
test,2049,45,46080,102,102,46182
test,2050,23,23552,50,50,23602
test,2051,14,14336,27,27,14363
test,2052,73,74752,171,171,74923
test,2053,97,99328,239,239,99567
test,2054,161,164864,432,432,165296
test,2055,50,51200,114,114,51314
test,2056,15,15360,29,29,15389
test,2057,155,158720,420,420,159140
test,2058,28,28672,63,63,28735
test,2059,154,157696,404,404,158100
test,2060,319,326656,915,915,327571
test,2061,28,28672,67,67,28739
test,2062,57,58368,125,125,58493
test,2063,55,56320,127,127,56447
test,2064,17,17408,33,33,17441
test,2065,80,81920,183,183,82103
test,2066,10,10240,19,19,10259
test,2067,31,31744,67,67,31811
test,2068,236,241664,614,614,242278
test,2069,95,97280,239,239,97519
test,2070,27,27648,64,64,27712
test,2071,105,107520,261,261,107781
test,2072,56,57344,132,132,57476
test,2073,56,57344,128,128,57472
test,2074,71,72704,158,158,72862
test,2075,25,25600,51,51,25651
test,2076,36,36864,77,77,36941
test,2077,68,69632,158,158,69790
test,2078,30,30720,73,73,30793
test,2079,24,24576,54,54,24630
test,2080,76,77824,170,170,77994
test,2081,42,43008,96,96,43104
test,2082,35,35840,77,77,35917
test,2083,74,75776,175,175,75951
test,2084,30,30720,71,71,30791
test,2085,74,75776,173,173,75949
test,2086,62,63488,144,144,63632
test,2087,33,33792,70,70,33862
test,2088,97,99328,246,246,99574
test,2089,53,54272,119,119,54391
test,2090,31,31744,69,69,31813
test,2091,176,180224,455,455,180679
test,2092,181,185344,446,446,185790
test,2093,37,37888,84,84,37972
test,2094,73,74752,162,162,74914
test,2095,45,46080,99,99,46179
test,2096,133,136192,353,353,136545
test,2097,92,94208,253,253,94461
test,2098,27,27648,60,60,27708
test,2099,16,16384,32,32,16416
test,2100,24,24576,53,53,24629
test,2101,13,13312,25,25,13337
test,2102,70,71680,160,160,71840
test,2103,49,50176,114,114,50290
test,2104,35,35840,84,84,35924
test,2105,30,30720,65,65,30785
test,2106,53,54272,113,113,54385
test,2107,35,35840,76,76,35916
test,2108,11,11264,21,21,11285
test,2109,30,30720,73,73,30793
test,2110,93,95232,232,232,95464
test,2111,75,76800,179,179,76979
test,2112,66,67584,149,149,67733
test,2113,45,46080,94,94,46174
test,2114,72,73728,168,168,73896
test,2115,117,119808,298,298,120106
test,2116,83,84992,185,185,85177
test,2117,25,25600,66,66,25666
test,2118,22,22528,48,48,22576
test,2119,63,64512,158,158,64670
test,2120,21,21504,45,45,21549
test,2121,23,23552,52,52,23604
test,2122,18,18432,35,35,18467
test,2123,50,51200,116,116,51316
test,2124,9,9216,17,17,9233
test,2125,52,53248,114,114,53362
test,2126,26,26624,53,53,26677
test,2127,93,95232,248,248,95480
test,2128,36,36864,78,78,36942
test,2129,20,20480,44,44,20524
test,2130,86,88064,212,212,88276
test,2131,25,25600,54,54,25654
test,2132,69,70656,163,163,70819
test,2133,56,57344,122,122,57466
test,2134,55,56320,120,120,56440
test,2135,308,315392,843,843,316235
test,2136,147,150528,402,402,150930
test,2137,153,156672,356,356,157028
test,2138,27,27648,63,63,27711
test,2139,178,182272,480,480,182752
test,2140,33,33792,71,71,33863
test,2141,16,16384,32,32,16416
test,2142,19,19456,43,43,19499
test,2143,52,53248,113,113,53361
test,2144,110,112640,262,262,112902
test,2145,30,30720,69,69,30789
test,2146,22,22528,48,48,22576
test,2147,126,129024,322,322,129346
test,2148,16,16384,32,32,16416
test,2149,70,71680,162,162,71842
test,2150,44,45056,94,94,45150
test,2151,44,45056,105,105,45161
test,2152,30,30720,65,65,30785
test,2153,26,26624,61,61,26685
test,2154,113,115712,292,292,116004
test,2155,77,78848,190,190,79038
test,2156,26,26624,52,52,26676
test,2157,55,56320,123,123,56443
test,2158,121,123904,289,289,124193
test,2159,183,187392,464,464,187856
test,2160,14,14336,27,27,14363
test,2161,11,11264,22,22,11286
test,2162,108,110592,262,262,110854
test,2163,24,24576,55,55,24631
test,2164,114,116736,284,284,117020
test,2165,163,166912,456,456,167368
test,2166,49,50176,114,114,50290
test,2167,280,286720,814,814,287534
test,2168,19,19456,42,42,19498
test,2169,368,376832,1060,1060,377892
test,2170,47,48128,107,107,48235
test,2171,33,33792,81,81,33873
test,2172,68,69632,164,164,69796
test,2173,52,53248,119,119,53367
test,2174,52,53248,118,118,53366
test,2175,25,25600,55,55,25655
test,2176,28,28672,68,68,28740
test,2177,28,28672,63,63,28735
test,2178,23,23552,51,51,23603
test,2179,37,37888,83,83,37971
test,2180,58,59392,136,136,59528
test,2181,53,54272,127,127,54399
test,2182,135,138240,326,326,138566
test,2183,49,50176,122,122,50298
test,2184,51,52224,116,116,52340
test,2185,32,32768,68,68,32836
test,2186,60,61440,136,136,61576
test,2187,89,91136,199,199,91335
test,2188,191,195584,505,505,196089
