split,index,nodes,total_values_for_nodes,edges,total_values_for_edges,total_values_for_graph
train,0,473,363264,11929,1717776,2081040
train,1,556,427008,14965,2154960,2581968
train,2,434,333312,10103,1454832,1788144
train,3,445,341760,10604,1526976,1868736
train,4,522,400896,13104,1886976,2287872
train,5,335,257280,6803,979632,1236912
train,6,397,304896,9010,1297440,1602336
train,7,460,353280,10741,1546704,1899984
train,8,505,387840,11668,1680192,2068032
train,9,398,305664,9358,1347552,1653216
train,10,595,456960,15427,2221488,2678448
train,11,408,313344,9315,1341360,1654704
train,12,392,301056,8622,1241568,1542624
train,13,472,362496,10820,1558080,1920576
train,14,471,361728,11489,1654416,2016144
train,15,372,285696,7982,1149408,1435104
train,16,381,292608,8508,1225152,1517760
train,17,605,464640,15395,2216880,2681520
train,18,422,324096,9691,1395504,1719600
train,19,402,308736,9412,1355328,1664064
train,20,431,331008,9929,1429776,1760784
train,21,409,314112,9553,1375632,1689744
train,22,449,344832,10875,1566000,1910832
train,23,478,367104,11465,1650960,2018064
train,24,481,369408,12141,1748304,2117712
train,25,443,340224,10807,1556208,1896432
train,26,418,321024,10039,1445616,1766640
train,27,522,400896,13159,1894896,2295792
train,28,463,355584,10624,1529856,1885440
train,29,498,382464,12781,1840464,2222928
train,30,419,321792,9914,1427616,1749408
train,31,350,268800,7594,1093536,1362336
train,32,497,381696,11794,1698336,2080032
train,33,424,325632,9487,1366128,1691760
train,34,675,518400,16594,2389536,2907936
train,35,492,377856,11628,1674432,2052288
train,36,373,286464,8194,1179936,1466400
train,37,461,354048,10837,1560528,1914576
train,38,430,330240,9505,1368720,1698960
train,39,503,386304,12259,1765296,2151600
train,40,442,339456,11243,1618992,1958448
train,41,507,389376,12804,1843776,2233152
train,42,334,256512,7023,1011312,1267824
train,43,478,367104,12250,1764000,2131104
train,44,435,334080,9857,1419408,1753488
train,45,443,340224,10469,1507536,1847760
train,46,728,559104,18432,2654208,3213312
train,47,504,387072,12429,1789776,2176848
train,48,415,318720,9653,1390032,1708752
train,49,521,400128,12697,1828368,2228496
train,50,514,394752,12301,1771344,2166096
train,51,409,314112,9379,1350576,1664688
train,52,472,362496,10957,1577808,1940304
train,53,423,324864,9903,1426032,1750896
train,54,385,295680,8305,1195920,1491600
train,55,528,405504,13465,1938960,2344464
train,56,438,336384,10476,1508544,1844928
train,57,540,414720,14174,2041056,2455776
train,58,443,340224,10232,1473408,1813632
train,59,449,344832,10121,1457424,1802256
train,60,415,318720,9437,1358928,1677648
train,61,489,375552,11871,1709424,2084976
train,62,441,338688,9953,1433232,1771920
train,63,548,420864,15397,2217168,2638032
train,64,467,358656,11023,1587312,1945968
train,65,481,369408,11034,1588896,1958304
train,66,467,358656,11587,1668528,2027184
train,67,599,460032,15731,2265264,2725296
train,68,436,334848,10611,1527984,1862832
train,69,434,333312,10738,1546272,1879584
train,70,377,289536,8022,1155168,1444704
train,71,419,321792,9596,1381824,1703616
train,72,476,365568,11675,1681200,2046768
train,73,492,377856,11937,1718928,2096784
train,74,373,286464,7788,1121472,1407936
train,75,385,295680,8516,1226304,1521984
train,76,447,343296,10519,1514736,1858032
train,77,471,361728,10655,1534320,1896048
train,78,427,327936,9894,1424736,1752672
train,79,413,317184,9694,1395936,1713120
train,80,502,385536,11943,1719792,2105328
train,81,414,317952,8718,1255392,1573344
train,82,362,278016,7809,1124496,1402512
train,83,522,400896,13231,1905264,2306160
train,84,535,410880,14023,2019312,2430192
train,85,461,354048,11231,1617264,1971312
train,86,483,370944,11572,1666368,2037312
train,87,435,334080,11016,1586304,1920384
train,88,476,365568,11587,1668528,2034096
train,89,452,347136,10271,1479024,1826160
train,90,559,429312,15400,2217600,2646912
train,91,414,317952,10030,1444320,1762272
train,92,498,382464,12924,1861056,2243520
train,93,452,347136,11022,1587168,1934304
train,94,347,266496,7293,1050192,1316688
train,95,404,310272,9301,1339344,1649616
train,96,411,315648,8670,1248480,1564128
train,97,505,387840,12472,1795968,2183808
train,98,366,281088,8016,1154304,1435392
train,99,439,337152,9908,1426752,1763904
train,100,434,333312,10022,1443168,1776480
train,101,381,292608,8892,1280448,1573056
train,102,587,450816,15018,2162592,2613408
train,103,521,400128,13718,1975392,2375520
train,104,429,329472,9615,1384560,1714032
train,105,492,377856,11983,1725552,2103408
train,106,404,310272,9366,1348704,1658976
train,107,502,385536,12314,1773216,2158752
train,108,458,351744,10889,1568016,1919760
train,109,574,440832,15262,2197728,2638560
train,110,601,461568,16074,2314656,2776224
train,111,391,300288,8798,1266912,1567200
train,112,504,387072,12608,1815552,2202624
train,113,566,434688,14606,2103264,2537952
train,114,420,322560,9875,1422000,1744560
train,115,422,324096,8854,1274976,1599072
train,116,396,304128,9534,1372896,1677024
train,117,522,400896,12914,1859616,2260512
train,118,464,356352,10380,1494720,1851072
train,119,499,383232,11919,1716336,2099568
train,120,442,339456,10643,1532592,1872048
train,121,465,357120,11372,1637568,1994688
train,122,448,344064,10965,1578960,1923024
train,123,412,316416,9317,1341648,1658064
train,124,391,300288,8432,1214208,1514496
train,125,509,390912,12420,1788480,2179392
train,126,384,294912,8519,1226736,1521648
train,127,447,343296,10797,1554768,1898064
train,128,501,384768,12851,1850544,2235312
train,129,361,277248,8164,1175616,1452864
train,130,518,397824,12487,1798128,2195952
train,131,496,380928,12397,1785168,2166096
train,132,419,321792,10105,1455120,1776912
train,133,435,334080,10356,1491264,1825344
train,134,487,374016,11998,1727712,2101728
train,135,518,397824,12714,1830816,2228640
train,136,501,384768,12585,1812240,2197008
train,137,490,376320,11833,1703952,2080272
train,138,652,500736,17261,2485584,2986320
train,139,460,353280,10957,1577808,1931088
train,140,512,393216,12335,1776240,2169456
train,141,549,421632,14639,2108016,2529648
train,142,378,290304,8165,1175760,1466064
train,143,530,407040,14039,2021616,2428656
train,144,347,266496,6949,1000656,1267152
train,145,441,338688,10353,1490832,1829520
train,146,438,336384,10186,1466784,1803168
train,147,549,421632,14553,2095632,2517264
train,148,464,356352,10865,1564560,1920912
train,149,446,342528,10759,1549296,1891824
train,150,702,539136,18208,2621952,3161088
train,151,475,364800,11202,1613088,1977888
train,152,480,368640,12019,1730736,2099376
train,153,638,489984,16822,2422368,2912352
train,154,485,372480,12239,1762416,2134896
train,155,406,311808,9435,1358640,1670448
train,156,654,502272,16749,2411856,2914128
train,157,473,363264,10828,1559232,1922496
train,158,394,302592,8739,1258416,1561008
train,159,537,412416,12776,1839744,2252160
train,160,465,357120,11152,1605888,1963008
train,161,456,350208,10753,1548432,1898640
train,162,432,331776,10587,1524528,1856304
train,163,555,426240,13981,2013264,2439504
train,164,389,298752,8740,1258560,1557312
train,165,479,367872,11676,1681344,2049216
train,166,456,350208,10127,1458288,1808496
train,167,685,526080,17673,2544912,3070992
train,168,418,321024,9780,1408320,1729344
train,169,457,350976,10247,1475568,1826544
train,170,566,434688,14872,2141568,2576256
train,171,561,430848,14323,2062512,2493360
train,172,458,351744,11328,1631232,1982976
train,173,477,366336,10992,1582848,1949184
train,174,483,370944,11583,1667952,2038896
train,175,492,377856,11741,1690704,2068560
train,176,445,341760,10063,1449072,1790832
train,177,419,321792,9493,1366992,1688784
train,178,434,333312,10248,1475712,1809024
train,179,449,344832,10772,1551168,1896000
train,180,367,281856,8253,1188432,1470288
train,181,465,357120,11217,1615248,1972368
train,182,437,335616,10144,1460736,1796352
train,183,401,307968,9064,1305216,1613184
train,184,396,304128,8904,1282176,1586304
train,185,540,414720,13756,1980864,2395584
train,186,521,400128,13926,2005344,2405472
train,187,450,345600,9542,1374048,1719648
train,188,501,384768,12820,1846080,2230848
train,189,451,346368,10622,1529568,1875936
train,190,317,243456,6263,901872,1145328
train,191,378,290304,7729,1112976,1403280
train,192,527,404736,13893,2000592,2405328
train,193,409,314112,9983,1437552,1751664
train,194,381,292608,8312,1196928,1489536
train,195,388,297984,8201,1180944,1478928
train,196,449,344832,10422,1500768,1845600
train,197,411,315648,8336,1200384,1516032
train,198,471,361728,11175,1609200,1970928
train,199,412,316416,9461,1362384,1678800
train,200,384,294912,8525,1227600,1522512
train,201,563,432384,13703,1973232,2405616
train,202,419,321792,9664,1391616,1713408
train,203,476,365568,11727,1688688,2054256
train,204,474,364032,11124,1601856,1965888
train,205,417,320256,8903,1282032,1602288
train,206,404,310272,8997,1295568,1605840
train,207,531,407808,13385,1927440,2335248
train,208,449,344832,11137,1603728,1948560
train,209,438,336384,9870,1421280,1757664
train,210,515,395520,13011,1873584,2269104
train,211,592,454656,15686,2258784,2713440
train,212,432,331776,10696,1540224,1872000
train,213,470,360960,11815,1701360,2062320
train,214,512,393216,13423,1932912,2326128
train,215,383,294144,8726,1256544,1550688
train,216,382,293376,8664,1247616,1540992
train,217,451,346368,10500,1512000,1858368
train,218,392,301056,8535,1229040,1530096
train,219,462,354816,10548,1518912,1873728
train,220,476,365568,12295,1770480,2136048
train,221,488,374784,12021,1731024,2105808
train,222,434,333312,9658,1390752,1724064
train,223,405,311040,8888,1279872,1590912
train,224,513,393984,12648,1821312,2215296
train,225,489,375552,12480,1797120,2172672
train,226,443,340224,10719,1543536,1883760
train,227,420,322560,9934,1430496,1753056
train,228,450,345600,10703,1541232,1886832
train,229,388,297984,8150,1173600,1471584
train,230,502,385536,12526,1803744,2189280
train,231,484,371712,11799,1699056,2070768
train,232,383,294144,8500,1224000,1518144
train,233,578,443904,14395,2072880,2516784
train,234,426,327168,9784,1408896,1736064
train,235,418,321024,8872,1277568,1598592
train,236,492,377856,12665,1823760,2201616
train,237,419,321792,9632,1387008,1708800
train,238,454,348672,10656,1534464,1883136
train,239,463,355584,10642,1532448,1888032
train,240,429,329472,10229,1472976,1802448
train,241,538,413184,13897,2001168,2414352
train,242,411,315648,9628,1386432,1702080
train,243,624,479232,15260,2197440,2676672
train,244,465,357120,11556,1664064,2021184
train,245,504,387072,12462,1794528,2181600
train,246,620,476160,17679,2545776,3021936
train,247,629,483072,16500,2376000,2859072
train,248,538,413184,15189,2187216,2600400
train,249,386,296448,8295,1194480,1490928
train,250,406,311808,9406,1354464,1666272
train,251,443,340224,10753,1548432,1888656
train,252,515,395520,13771,1983024,2378544
train,253,352,270336,7560,1088640,1358976
train,254,489,375552,12070,1738080,2113632
train,255,433,332544,10204,1469376,1801920
train,256,518,397824,12356,1779264,2177088
train,257,380,291840,8340,1200960,1492800
train,258,471,361728,11232,1617408,1979136
train,259,316,242688,6121,881424,1124112
train,260,455,349440,10232,1473408,1822848
train,261,498,382464,11645,1676880,2059344
train,262,329,252672,6732,969408,1222080
train,263,531,407808,13190,1899360,2307168
train,264,448,344064,9906,1426464,1770528
train,265,473,363264,11437,1646928,2010192
train,266,477,366336,11327,1631088,1997424
train,267,511,392448,12707,1829808,2222256
train,268,454,348672,10915,1571760,1920432
train,269,583,447744,14834,2136096,2583840
train,270,543,417024,13039,1877616,2294640
train,271,335,257280,7093,1021392,1278672
train,272,518,397824,12739,1834416,2232240
train,273,419,321792,10141,1460304,1782096
train,274,428,328704,9961,1434384,1763088
train,275,475,364800,12002,1728288,2093088
train,276,439,337152,10099,1454256,1791408
train,277,436,334848,9602,1382688,1717536
train,278,464,356352,11350,1634400,1990752
train,279,530,407040,12961,1866384,2273424
train,280,454,348672,10811,1556784,1905456
train,281,419,321792,9683,1394352,1716144
train,282,431,331008,10260,1477440,1808448
train,283,367,281856,8059,1160496,1442352
train,284,460,353280,10779,1552176,1905456
train,285,374,287232,7968,1147392,1434624
train,286,413,317184,9156,1318464,1635648
train,287,382,293376,8467,1219248,1512624
train,288,449,344832,11354,1634976,1979808
train,289,457,350976,11579,1667376,2018352
train,290,398,305664,8832,1271808,1577472
train,291,429,329472,9718,1399392,1728864
train,292,486,373248,12707,1829808,2203056
train,293,407,312576,9250,1332000,1644576
train,294,606,465408,16440,2367360,2832768
train,295,438,336384,10074,1450656,1787040
train,296,390,299520,8665,1247760,1547280
train,297,439,337152,10307,1484208,1821360
train,298,352,270336,7312,1052928,1323264
train,299,397,304896,9135,1315440,1620336
train,300,467,358656,11638,1675872,2034528
train,301,475,364800,11653,1678032,2042832
train,302,465,357120,11285,1625040,1982160
train,303,374,287232,7535,1085040,1372272
train,304,448,344064,10503,1512432,1856496
train,305,431,331008,9340,1344960,1675968
train,306,452,347136,11615,1672560,2019696
train,307,504,387072,12332,1775808,2162880
train,308,415,318720,9594,1381536,1700256
train,309,459,352512,10553,1519632,1872144
train,310,397,304896,9110,1311840,1616736
train,311,430,330240,9369,1349136,1679376
train,312,404,310272,9318,1341792,1652064
train,313,452,347136,10894,1568736,1915872
train,314,551,423168,13846,1993824,2416992
train,315,415,318720,9759,1405296,1724016
train,316,444,340992,10842,1561248,1902240
train,317,544,417792,14326,2062944,2480736
train,318,425,326400,9877,1422288,1748688
train,319,452,347136,10543,1518192,1865328
train,320,495,380160,12592,1813248,2193408
train,321,319,244992,6427,925488,1170480
train,322,462,354816,10414,1499616,1854432
train,323,394,302592,8949,1288656,1591248
train,324,474,364032,11245,1619280,1983312
train,325,436,334848,9768,1406592,1741440
train,326,491,377088,12015,1730160,2107248
train,327,404,310272,8974,1292256,1602528
train,328,471,361728,11137,1603728,1965456
train,329,440,337920,10761,1549584,1887504
train,330,561,430848,14998,2159712,2590560
train,331,599,460032,15320,2206080,2666112
train,332,558,428544,13174,1897056,2325600
train,333,533,409344,13101,1886544,2295888
train,334,480,368640,11350,1634400,2003040
train,335,471,361728,11011,1585584,1947312
train,336,448,344064,10953,1577232,1921296
train,337,429,329472,10050,1447200,1776672
train,338,444,340992,10225,1472400,1813392
train,339,509,390912,13457,1937808,2328720
train,340,614,471552,16849,2426256,2897808
train,341,414,317952,9531,1372464,1690416
train,342,419,321792,9626,1386144,1707936
train,343,450,345600,10519,1514736,1860336
train,344,466,357888,11420,1644480,2002368
train,345,491,377088,11381,1638864,2015952
train,346,361,277248,7902,1137888,1415136
train,347,500,384000,13091,1885104,2269104
train,348,536,411648,13505,1944720,2356368
train,349,397,304896,8730,1257120,1562016
train,350,458,351744,10074,1450656,1802400
train,351,410,314880,9483,1365552,1680432
train,352,715,549120,18217,2623248,3172368
train,353,421,323328,9528,1372032,1695360
train,354,380,291840,8673,1248912,1540752
train,355,556,427008,14164,2039616,2466624
train,356,472,362496,10856,1563264,1925760
train,357,355,272640,7596,1093824,1366464
train,358,449,344832,10223,1472112,1816944
train,359,478,367104,11539,1661616,2028720
train,360,459,352512,10732,1545408,1897920
train,361,424,325632,10275,1479600,1805232
train,362,447,343296,10295,1482480,1825776
train,363,525,403200,12819,1845936,2249136
train,364,640,491520,17384,2503296,2994816
train,365,501,384768,11982,1725408,2110176
train,366,371,284928,8107,1167408,1452336
train,367,484,371712,12017,1730448,2102160
train,368,397,304896,8918,1284192,1589088
train,369,398,305664,9345,1345680,1651344
train,370,688,528384,18124,2609856,3138240
train,371,443,340224,10852,1562688,1902912
train,372,534,410112,13847,1993968,2404080
train,373,429,329472,9647,1389168,1718640
train,374,499,383232,13278,1912032,2295264
train,375,384,294912,8198,1180512,1475424
train,376,425,326400,10260,1477440,1803840
train,377,549,421632,14255,2052720,2474352
train,378,493,378624,11495,1655280,2033904
train,379,507,389376,12308,1772352,2161728
train,380,495,380160,10932,1574208,1954368
train,381,412,316416,9230,1329120,1645536
train,382,564,433152,14842,2137248,2570400
train,383,461,354048,11850,1706400,2060448
train,384,440,337920,10733,1545552,1883472
train,385,583,447744,15253,2196432,2644176
train,386,537,412416,14275,2055600,2468016
train,387,539,413952,13231,1905264,2319216
train,388,462,354816,11341,1633104,1987920
train,389,488,374784,11654,1678176,2052960
train,390,505,387840,13358,1923552,2311392
train,391,391,300288,8632,1243008,1543296
train,392,415,318720,9514,1370016,1688736
train,393,537,412416,14597,2101968,2514384
train,394,519,398592,13620,1961280,2359872
train,395,347,266496,7311,1052784,1319280
train,396,437,335616,10520,1514880,1850496
train,397,481,369408,12520,1802880,2172288
train,398,398,305664,8858,1275552,1581216
train,399,546,419328,13586,1956384,2375712
train,400,414,317952,9430,1357920,1675872
train,401,481,369408,11794,1698336,2067744
train,402,430,330240,10177,1465488,1795728
train,403,409,314112,8772,1263168,1577280
train,404,317,243456,6210,894240,1137696
train,405,350,268800,7180,1033920,1302720
train,406,387,297216,8534,1228896,1526112
train,407,477,366336,12330,1775520,2141856
train,408,418,321024,9647,1389168,1710192
train,409,461,354048,10945,1576080,1930128
train,410,477,366336,11939,1719216,2085552
train,411,463,355584,10659,1534896,1890480
train,412,509,390912,12621,1817424,2208336
train,413,446,342528,10948,1576512,1919040
train,414,481,369408,11679,1681776,2051184
train,415,466,357888,11290,1625760,1983648
train,416,461,354048,11085,1596240,1950288
train,417,506,388608,12463,1794672,2183280
train,418,491,377088,11892,1712448,2089536
train,419,440,337920,9814,1413216,1751136
train,420,719,552192,18853,2714832,3267024
train,421,399,306432,8676,1249344,1555776
train,422,351,269568,7001,1008144,1277712
train,423,560,430080,15107,2175408,2605488
train,424,421,323328,9782,1408608,1731936
train,425,431,331008,9930,1429920,1760928
train,426,370,284160,8470,1219680,1503840
train,427,483,370944,11310,1628640,1999584
train,428,424,325632,9178,1321632,1647264
train,429,424,325632,9915,1427760,1753392
train,430,366,281088,8547,1230768,1511856
train,431,525,403200,12280,1768320,2171520
train,432,417,320256,9580,1379520,1699776
train,433,441,338688,10865,1564560,1903248
train,434,447,343296,10533,1516752,1860048
train,435,466,357888,11374,1637856,1995744
train,436,461,354048,10569,1521936,1875984
train,437,500,384000,13297,1914768,2298768
train,438,496,380928,11621,1673424,2054352
train,439,479,367872,12450,1792800,2160672
train,440,469,360192,10864,1564416,1924608
train,441,488,374784,12709,1830096,2204880
train,442,371,284928,8114,1168416,1453344
train,443,460,353280,11336,1632384,1985664
train,444,456,350208,11220,1615680,1965888
train,445,374,287232,8147,1173168,1460400
train,446,439,337152,10229,1472976,1810128
train,447,461,354048,11091,1597104,1951152
train,448,464,356352,12103,1742832,2099184
train,449,501,384768,12591,1813104,2197872
train,450,472,362496,11373,1637712,2000208
train,451,629,483072,16602,2390688,2873760
train,452,432,331776,9735,1401840,1733616
train,453,475,364800,11390,1640160,2004960
train,454,503,386304,12890,1856160,2242464
train,455,440,337920,9905,1426320,1764240
train,456,388,297984,8432,1214208,1512192
train,457,403,309504,8998,1295712,1605216
train,458,390,299520,9026,1299744,1599264
train,459,451,346368,10198,1468512,1814880
train,460,475,364800,11547,1662768,2027568
train,461,519,398592,12579,1811376,2209968
train,462,461,354048,10309,1484496,1838544
train,463,402,308736,9306,1340064,1648800
train,464,445,341760,10302,1483488,1825248
train,465,455,349440,10916,1571904,1921344
train,466,485,372480,11789,1697616,2070096
train,467,396,304128,9333,1343952,1648080
train,468,435,334080,10152,1461888,1795968
train,469,414,317952,9223,1328112,1646064
train,470,432,331776,10114,1456416,1788192
train,471,423,324864,9654,1390176,1715040
train,472,454,348672,10384,1495296,1843968
train,473,393,301824,9130,1314720,1616544
train,474,382,293376,8019,1154736,1448112
train,475,397,304896,8913,1283472,1588368
train,476,504,387072,11810,1700640,2087712
train,477,500,384000,13001,1872144,2256144
train,478,437,335616,10725,1544400,1880016
train,479,504,387072,12106,1743264,2130336
train,480,480,368640,11513,1657872,2026512
train,481,488,374784,11842,1705248,2080032
train,482,404,310272,8511,1225584,1535856
train,483,598,459264,16179,2329776,2789040
train,484,392,301056,8809,1268496,1569552
train,485,509,390912,12276,1767744,2158656
train,486,425,326400,10135,1459440,1785840
train,487,475,364800,12092,1741248,2106048
train,488,456,350208,10487,1510128,1860336
train,489,362,278016,7775,1119600,1397616
train,490,375,288000,7768,1118592,1406592
train,491,342,262656,7198,1036512,1299168
train,492,552,423936,13722,1975968,2399904
train,493,461,354048,10972,1579968,1934016
train,494,465,357120,10925,1573200,1930320
train,495,514,394752,13296,1914624,2309376
train,496,544,417792,14219,2047536,2465328
train,497,355,272640,7951,1144944,1417584
train,498,483,370944,11789,1697616,2068560
train,499,589,452352,15338,2208672,2661024
validation,0,523,401664,12545,1806480,2208144
validation,1,382,293376,8752,1260288,1553664
validation,2,401,307968,8809,1268496,1576464
validation,3,405,311040,8773,1263312,1574352
validation,4,398,305664,9113,1312272,1617936
validation,5,376,288768,7426,1069344,1358112
validation,6,383,294144,7871,1133424,1427568
validation,7,518,397824,12980,1869120,2266944
validation,8,407,312576,10008,1441152,1753728
validation,9,433,332544,10536,1517184,1849728
validation,10,416,319488,9220,1327680,1647168
validation,11,506,388608,12484,1797696,2186304
validation,12,405,311040,9370,1349280,1660320
validation,13,428,328704,9939,1431216,1759920
validation,14,308,236544,5710,822240,1058784
validation,15,440,337920,9977,1436688,1774608
validation,16,454,348672,10298,1482912,1831584
validation,17,395,303360,8615,1240560,1543920
validation,18,379,291072,8159,1174896,1465968
validation,19,436,334848,9868,1420992,1755840
validation,20,433,332544,10074,1450656,1783200
validation,21,458,351744,11113,1600272,1952016
validation,22,350,268800,7324,1054656,1323456
validation,23,435,334080,9631,1386864,1720944
validation,24,461,354048,11062,1592928,1946976
validation,25,431,331008,10031,1444464,1775472
validation,26,549,421632,14042,2022048,2443680
validation,27,540,414720,13813,1989072,2403792
validation,28,565,433920,14256,2052864,2486784
validation,29,440,337920,10499,1511856,1849776
validation,30,418,321024,8940,1287360,1608384
validation,31,525,403200,13623,1961712,2364912
validation,32,450,345600,10809,1556496,1902096
validation,33,420,322560,9540,1373760,1696320
validation,34,439,337152,10330,1487520,1824672
validation,35,496,380928,11166,1607904,1988832
validation,36,400,307200,9371,1349424,1656624
validation,37,421,323328,9793,1410192,1733520
validation,38,453,347904,11187,1610928,1958832
validation,39,612,470016,16904,2434176,2904192
validation,40,488,374784,11754,1692576,2067360
validation,41,482,370176,11300,1627200,1997376
validation,42,375,288000,8253,1188432,1476432
validation,43,425,326400,10229,1472976,1799376
validation,44,439,337152,10535,1517040,1854192
validation,45,421,323328,9823,1414512,1737840
validation,46,398,305664,8440,1215360,1521024
validation,47,437,335616,9803,1411632,1747248
validation,48,357,274176,7711,1110384,1384560
validation,49,446,342528,10982,1581408,1923936
validation,50,524,402432,13035,1877040,2279472
validation,51,486,373248,11878,1710432,2083680
validation,52,560,430080,14823,2134512,2564592
validation,53,324,248832,6766,974304,1223136
validation,54,404,310272,9541,1373904,1684176
validation,55,471,361728,11686,1682784,2044512
validation,56,393,301824,8786,1265184,1567008
validation,57,441,338688,11056,1592064,1930752
validation,58,497,381696,12887,1855728,2237424
validation,59,418,321024,9013,1297872,1618896
validation,60,421,323328,9682,1394208,1717536
validation,61,406,311808,9279,1336176,1647984
validation,62,547,420096,13461,1938384,2358480
validation,63,468,359424,11401,1641744,2001168
validation,64,548,420864,14106,2031264,2452128
validation,65,503,386304,12843,1849392,2235696
validation,66,447,343296,10186,1466784,1810080
validation,67,416,319488,9217,1327248,1646736
validation,68,519,398592,12616,1816704,2215296
validation,69,491,377088,11850,1706400,2083488
validation,70,571,438528,15288,2201472,2640000
validation,71,337,258816,6861,987984,1246800
validation,72,390,299520,8997,1295568,1595088
validation,73,448,344064,10443,1503792,1847856
validation,74,437,335616,10327,1487088,1822704
validation,75,562,431616,14592,2101248,2532864
validation,76,469,360192,10983,1581552,1941744
validation,77,386,296448,8522,1227168,1523616
validation,78,437,335616,10528,1516032,1851648
validation,79,445,341760,10020,1442880,1784640
validation,80,449,344832,10818,1557792,1902624
validation,81,456,350208,10715,1542960,1893168
validation,82,499,383232,12071,1738224,2121456
validation,83,494,379392,12211,1758384,2137776
validation,84,471,361728,11670,1680480,2042208
validation,85,456,350208,11391,1640304,1990512
validation,86,507,389376,12120,1745280,2134656
validation,87,456,350208,11217,1615248,1965456
validation,88,418,321024,9793,1410192,1731216
validation,89,385,295680,8213,1182672,1478352
validation,90,542,416256,13900,2001600,2417856
validation,91,452,347136,10707,1541808,1888944
validation,92,434,333312,10339,1488816,1822128
validation,93,441,338688,10656,1534464,1873152
validation,94,572,439296,14483,2085552,2524848
validation,95,436,334848,9954,1433376,1768224
validation,96,460,353280,10719,1543536,1896816
validation,97,338,259584,6752,972288,1231872
validation,98,401,307968,9064,1305216,1613184
validation,99,434,333312,10424,1501056,1834368
validation,100,495,380160,11868,1708992,2089152
validation,101,415,318720,8784,1264896,1583616
validation,102,405,311040,9511,1369584,1680624
validation,103,463,355584,11393,1640592,1996176
validation,104,429,329472,9635,1387440,1716912
validation,105,390,299520,8674,1249056,1548576
validation,106,466,357888,11458,1649952,2007840
validation,107,512,393216,12617,1816848,2210064
validation,108,488,374784,11913,1715472,2090256
validation,109,354,271872,7416,1067904,1339776
validation,110,380,291840,8396,1209024,1500864
validation,111,395,303360,8819,1269936,1573296
validation,112,448,344064,10201,1468944,1813008
validation,113,423,324864,9918,1428192,1753056
validation,114,543,417024,13809,1988496,2405520
validation,115,505,387840,12344,1777536,2165376
validation,116,457,350976,10967,1579248,1930224
validation,117,440,337920,9792,1410048,1747968
validation,118,313,240384,6193,891792,1132176
validation,119,498,382464,12262,1765728,2148192
validation,120,438,336384,10786,1553184,1889568
validation,121,492,377856,11509,1657296,2035152
validation,122,390,299520,8410,1211040,1510560
validation,123,366,281088,7290,1049760,1330848
validation,124,497,381696,12097,1741968,2123664
validation,125,436,334848,9980,1437120,1771968
validation,126,601,461568,15956,2297664,2759232
validation,127,433,332544,8821,1270224,1602768
validation,128,393,301824,8800,1267200,1569024
validation,129,444,340992,10299,1483056,1824048
validation,130,407,312576,9274,1335456,1648032
validation,131,493,378624,11688,1683072,2061696
validation,132,404,310272,9297,1338768,1649040
validation,133,469,360192,10768,1550592,1910784
validation,134,434,333312,10932,1574208,1907520
validation,135,514,394752,12582,1811808,2206560
validation,136,452,347136,11059,1592496,1939632
validation,137,399,306432,9065,1305360,1611792
validation,138,499,383232,12391,1784304,2167536
validation,139,527,404736,13183,1898352,2303088
validation,140,511,392448,12825,1846800,2239248
validation,141,386,296448,8375,1206000,1502448
validation,142,478,367104,11356,1635264,2002368
validation,143,374,287232,8304,1195776,1483008
validation,144,482,370176,11719,1687536,2057712
validation,145,361,277248,7669,1104336,1381584
validation,146,543,417024,13896,2001024,2418048
validation,147,474,364032,12017,1730448,2094480
validation,148,421,323328,9727,1400688,1724016
validation,149,439,337152,10003,1440432,1777584
validation,150,442,339456,10638,1531872,1871328
validation,151,383,294144,8818,1269792,1563936
validation,152,459,352512,9383,1351152,1703664
validation,153,481,369408,11518,1658592,2028000
validation,154,456,350208,10812,1556928,1907136
validation,155,362,278016,7712,1110528,1388544
validation,156,391,300288,8461,1218384,1518672
validation,157,484,371712,11590,1668960,2040672
validation,158,538,413184,14856,2139264,2552448
validation,159,344,264192,7331,1055664,1319856
validation,160,394,302592,9089,1308816,1611408
validation,161,405,311040,9738,1402272,1713312
validation,162,478,367104,11815,1701360,2068464
validation,163,418,321024,10019,1442736,1763760
validation,164,475,364800,11847,1705968,2070768
test,0,472,362496,11046,1590624,1953120
test,1,466,357888,11611,1671984,2029872
test,2,568,436224,14582,2099808,2536032
test,3,348,267264,7256,1044864,1312128
test,4,499,383232,11937,1718928,2102160
test,5,479,367872,11089,1596816,1964688
test,6,414,317952,9159,1318896,1636848
test,7,420,322560,9735,1401840,1724400
test,8,493,378624,12185,1754640,2133264
test,9,361,277248,7396,1065024,1342272
test,10,438,336384,9690,1395360,1731744
test,11,454,348672,10883,1567152,1915824
test,12,546,419328,13586,1956384,2375712
test,13,391,300288,8182,1178208,1478496
test,14,439,337152,10426,1501344,1838496
test,15,529,406272,12768,1838592,2244864
test,16,461,354048,11305,1627920,1981968
test,17,435,334080,9780,1408320,1742400
test,18,440,337920,10634,1531296,1869216
test,19,494,379392,12216,1759104,2138496
test,20,449,344832,9858,1419552,1764384
test,21,395,303360,9039,1301616,1604976
test,22,527,404736,12698,1828512,2233248
test,23,520,399360,13648,1965312,2364672
test,24,481,369408,11501,1656144,2025552
test,25,511,392448,13755,1980720,2373168
test,26,467,358656,10608,1527552,1886208
test,27,577,443136,15227,2192688,2635824
test,28,429,329472,9693,1395792,1725264
test,29,471,361728,11116,1600704,1962432
test,30,367,281856,8055,1159920,1441776
test,31,455,349440,10763,1549872,1899312
test,32,1104,847872,32977,4748688,5596560
test,33,423,324864,10524,1515456,1840320
test,34,325,249600,6437,926928,1176528
test,35,388,297984,8565,1233360,1531344
test,36,489,375552,11673,1680912,2056464
test,37,439,337152,10216,1471104,1808256
test,38,442,339456,10933,1574352,1913808
test,39,392,301056,8907,1282608,1583664
test,40,373,286464,8129,1170576,1457040
test,41,432,331776,10454,1505376,1837152
test,42,446,342528,10160,1463040,1805568
test,43,567,435456,13957,2009808,2445264
test,44,434,333312,10628,1530432,1863744
test,45,391,300288,8587,1236528,1536816
test,46,542,416256,14405,2074320,2490576
test,47,293,225024,5646,813024,1038048
test,48,490,376320,11996,1727424,2103744
test,49,393,301824,8612,1240128,1541952
test,50,393,301824,8969,1291536,1593360
test,51,437,335616,9781,1408464,1744080
test,52,484,371712,12103,1742832,2114544
test,53,509,390912,13183,1898352,2289264
test,54,382,293376,8443,1215792,1509168
test,55,477,366336,9023,1299312,1665648
test,56,469,360192,11198,1612512,1972704
test,57,466,357888,10947,1576368,1934256
test,58,446,342528,10103,1454832,1797360
test,59,455,349440,10883,1567152,1916592
test,60,452,347136,10474,1508256,1855392
test,61,593,455424,15542,2238048,2693472
test,62,522,400896,12729,1832976,2233872
test,63,511,392448,12289,1769616,2162064
test,64,462,354816,10578,1523232,1878048
test,65,454,348672,10509,1513296,1861968
test,66,469,360192,12451,1792944,2153136
test,67,357,274176,7837,1128528,1402704
test,68,364,279552,7621,1097424,1376976
test,69,440,337920,9928,1429632,1767552
test,70,471,361728,12414,1787616,2149344
test,71,528,405504,13215,1902960,2308464
test,72,438,336384,10682,1538208,1874592
test,73,415,318720,9702,1397088,1715808
test,74,392,301056,8743,1258992,1560048
test,75,596,457728,16259,2341296,2799024
test,76,419,321792,9822,1414368,1736160
test,77,449,344832,10473,1508112,1852944
test,78,406,311808,9520,1370880,1682688
test,79,325,249600,6547,942768,1192368
test,80,454,348672,10501,1512144,1860816
test,81,467,358656,10901,1569744,1928400
test,82,481,369408,11971,1723824,2093232
test,83,466,357888,11677,1681488,2039376
test,84,428,328704,9558,1376352,1705056
test,85,510,391680,12219,1759536,2151216
test,86,407,312576,9285,1337040,1649616
test,87,413,317184,9412,1355328,1672512
test,88,529,406272,13438,1935072,2341344
test,89,474,364032,11742,1690848,2054880
test,90,395,303360,8865,1276560,1579920
test,91,443,340224,10332,1487808,1828032
test,92,421,323328,10327,1487088,1810416
test,93,486,373248,11374,1637856,2011104
test,94,419,321792,9538,1373472,1695264
test,95,533,409344,12220,1759680,2169024
test,96,550,422400,13538,1949472,2371872
test,97,354,271872,7493,1078992,1350864
test,98,373,286464,7600,1094400,1380864
test,99,586,450048,15129,2178576,2628624
test,100,452,347136,10171,1464624,1811760
test,101,432,331776,10323,1486512,1818288
test,102,426,327168,9780,1408320,1735488
test,103,524,402432,12809,1844496,2246928
test,104,368,282624,8050,1159200,1441824
test,105,440,337920,10025,1443600,1781520
test,106,455,349440,11395,1640880,1990320
test,107,361,277248,7714,1110816,1388064
test,108,573,440064,14780,2128320,2568384
test,109,369,283392,8010,1153440,1436832
test,110,463,355584,11521,1659024,2014608
test,111,431,331008,9611,1383984,1714992
test,112,495,380160,11969,1723536,2103696
test,113,434,333312,9698,1396512,1729824
test,114,383,294144,8818,1269792,1563936
test,115,417,320256,9991,1438704,1758960
test,116,400,307200,9306,1340064,1647264
test,117,334,256512,6918,996192,1252704
test,118,419,321792,9492,1366848,1688640
test,119,424,325632,9548,1374912,1700544
test,120,437,335616,10175,1465200,1800816
test,121,496,380928,12315,1773360,2154288
test,122,443,340224,10939,1575216,1915440
test,123,364,279552,7763,1117872,1397424
test,124,528,405504,12954,1865376,2270880
test,125,479,367872,11072,1594368,1962240
test,126,425,326400,10193,1467792,1794192
test,127,534,410112,13639,1964016,2374128
test,128,476,365568,11215,1614960,1980528
test,129,533,409344,12754,1836576,2245920
test,130,415,318720,9672,1392768,1711488
test,131,465,357120,11391,1640304,1997424
test,132,420,322560,9238,1330272,1652832
test,133,472,362496,11353,1634832,1997328
test,134,571,438528,15049,2167056,2605584
test,135,425,326400,9410,1355040,1681440
test,136,374,287232,8089,1164816,1452048
test,137,486,373248,11000,1584000,1957248
test,138,458,351744,10430,1501920,1853664
test,139,463,355584,11375,1638000,1993584
test,140,435,334080,9659,1390896,1724976
test,141,368,282624,7840,1128960,1411584
test,142,435,334080,10368,1492992,1827072
test,143,444,340992,10782,1552608,1893600
test,144,319,244992,6401,921744,1166736
test,145,432,331776,10051,1447344,1779120
test,146,375,288000,8110,1167840,1455840
test,147,508,390144,13618,1960992,2351136
test,148,560,430080,14922,2148768,2578848
test,149,342,262656,7173,1032912,1295568
test,150,459,352512,11442,1647648,2000160
test,151,500,384000,12220,1759680,2143680
test,152,424,325632,9986,1437984,1763616
test,153,453,347904,10577,1523088,1870992
test,154,501,384768,11794,1698336,2083104
test,155,407,312576,8906,1282464,1595040
test,156,479,367872,10680,1537920,1905792
test,157,452,347136,10515,1514160,1861296
test,158,443,340224,10413,1499472,1839696
test,159,537,412416,13689,1971216,2383632
test,160,450,345600,10219,1471536,1817136
test,161,385,295680,8469,1219536,1515216
test,162,462,354816,10822,1558368,1913184
test,163,456,350208,10621,1529424,1879632
test,164,358,274944,7598,1094112,1369056
test,165,443,340224,10651,1533744,1873968
test,166,352,270336,7481,1077264,1347600
test,167,480,368640,11487,1654128,2022768
test,168,442,339456,10380,1494720,1834176
test,169,334,256512,6917,996048,1252560
test,170,483,370944,12071,1738224,2109168
test,171,491,377088,12254,1764576,2141664
test,172,518,397824,12875,1854000,2251824
test,173,461,354048,10614,1528416,1882464
test,174,505,387840,13566,1953504,2341344
test,175,580,445440,15475,2228400,2673840
test,176,385,295680,8246,1187424,1483104
test,177,378,290304,8264,1190016,1480320
test,178,523,401664,13344,1921536,2323200
test,179,482,370176,11290,1625760,1995936
test,180,486,373248,12414,1787616,2160864
test,181,426,327168,10678,1537632,1864800
test,182,435,334080,9371,1349424,1683504
test,183,466,357888,10599,1526256,1884144
test,184,440,337920,10676,1537344,1875264
test,185,482,370176,12662,1823328,2193504
test,186,545,418560,14465,2082960,2501520
test,187,374,287232,8057,1160208,1447440
test,188,498,382464,12444,1791936,2174400
test,189,447,343296,10951,1576944,1920240
test,190,442,339456,10722,1543968,1883424
test,191,422,324096,9422,1356768,1680864
test,192,466,357888,11641,1676304,2034192
test,193,455,349440,10445,1504080,1853520
test,194,558,428544,14747,2123568,2552112
test,195,438,336384,10875,1566000,1902384
test,196,448,344064,10018,1442592,1786656
test,197,569,436992,15074,2170656,2607648
test,198,491,377088,12260,1765440,2142528
test,199,361,277248,7689,1107216,1384464
test,200,528,405504,12747,1835568,2241072
test,201,426,327168,9290,1337760,1664928
test,202,384,294912,8139,1172016,1466928
test,203,422,324096,9875,1422000,1746096
test,204,393,301824,8976,1292544,1594368
test,205,482,370176,12100,1742400,2112576
test,206,446,342528,10642,1532448,1874976
test,207,486,373248,11804,1699776,2073024
test,208,371,284928,8228,1184832,1469760
test,209,473,363264,11864,1708416,2071680
test,210,489,375552,11956,1721664,2097216
test,211,349,268032,7713,1110672,1378704
test,212,478,367104,11479,1652976,2020080
test,213,506,388608,11784,1696896,2085504
test,214,473,363264,10895,1568880,1932144
test,215,384,294912,8501,1224144,1519056
test,216,506,388608,11978,1724832,2113440
test,217,344,264192,7542,1086048,1350240
test,218,496,380928,12357,1779408,2160336
test,219,430,330240,9945,1432080,1762320
test,220,432,331776,10960,1578240,1910016
test,221,371,284928,8010,1153440,1438368
test,222,240,184320,3945,568080,752400
test,223,461,354048,11092,1597248,1951296
test,224,437,335616,11046,1590624,1926240
test,225,476,365568,11978,1724832,2090400
test,226,388,297984,8475,1220400,1518384
test,227,461,354048,11243,1618992,1973040
test,228,482,370176,11925,1717200,2087376
test,229,453,347904,11150,1605600,1953504
test,230,461,354048,11091,1597104,1951152
test,231,566,434688,14753,2124432,2559120
test,232,335,257280,6962,1002528,1259808
test,233,411,315648,9717,1399248,1714896
test,234,357,274176,7836,1128384,1402560
test,235,393,301824,8954,1289376,1591200
test,236,470,360960,11761,1693584,2054544
test,237,511,392448,12561,1808784,2201232
test,238,523,401664,13037,1877328,2278992
test,239,562,431616,14541,2093904,2525520
test,240,413,317184,8575,1234800,1551984
test,241,493,378624,12347,1777968,2156592
test,242,539,413952,14113,2032272,2446224
test,243,503,386304,12993,1870992,2257296
test,244,393,301824,9105,1311120,1612944
test,245,765,587520,19979,2876976,3464496
test,246,406,311808,9457,1361808,1673616
test,247,514,394752,12070,1738080,2132832
test,248,393,301824,8965,1290960,1592784
test,249,391,300288,8924,1285056,1585344
test,250,491,377088,11859,1707696,2084784
test,251,948,728064,29176,4201344,4929408
test,252,433,332544,10405,1498320,1830864
test,253,431,331008,10029,1444176,1775184
test,254,446,342528,10466,1507104,1849632
test,255,531,407808,13220,1903680,2311488
test,256,871,668928,24603,3542832,4211760
test,257,430,330240,10411,1499184,1829424
test,258,444,340992,10091,1453104,1794096
test,259,537,412416,12496,1799424,2211840
test,260,450,345600,10935,1574640,1920240
test,261,467,358656,10967,1579248,1937904
test,262,360,276480,7656,1102464,1378944
test,263,514,394752,13741,1978704,2373456
test,264,523,401664,12283,1768752,2170416
test,265,392,301056,8870,1277280,1578336
test,266,469,360192,11784,1696896,2057088
test,267,375,288000,8048,1158912,1446912
test,268,524,402432,13707,1973808,2376240
test,269,407,312576,9297,1338768,1651344
test,270,411,315648,9688,1395072,1710720
test,271,444,340992,10157,1462608,1803600
test,272,462,354816,10996,1583424,1938240
test,273,469,360192,11434,1646496,2006688
test,274,419,321792,9493,1366992,1688784
test,275,480,368640,11483,1653552,2022192
test,276,429,329472,10432,1502208,1831680
test,277,439,337152,10637,1531728,1868880
test,278,402,308736,8715,1254960,1563696
test,279,517,397056,13536,1949184,2346240
test,280,514,394752,13151,1893744,2288496
test,281,432,331776,10090,1452960,1784736
test,282,430,330240,10009,1441296,1771536
test,283,406,311808,9044,1302336,1614144
test,284,410,314880,9217,1327248,1642128
test,285,393,301824,8689,1251216,1553040
test,286,528,405504,13533,1948752,2354256
test,287,369,283392,7865,1132560,1415952
test,288,529,406272,13082,1883808,2290080
test,289,413,317184,9993,1438992,1756176
test,290,503,386304,12045,1734480,2120784
test,291,452,347136,10941,1575504,1922640
test,292,447,343296,10484,1509696,1852992
test,293,376,288768,8397,1209168,1497936
test,294,534,410112,13658,1966752,2376864
test,295,546,419328,14542,2094048,2513376
test,296,590,453120,15416,2219904,2673024
test,297,402,308736,9339,1344816,1653552
test,298,378,290304,7771,1119024,1409328
test,299,449,344832,10363,1492272,1837104
test,300,480,368640,11937,1718928,2087568
test,301,411,315648,9706,1397664,1713312
test,302,434,333312,9770,1406880,1740192
test,303,396,304128,8993,1294992,1599120
test,304,592,454656,15686,2258784,2713440
test,305,474,364032,12424,1789056,2153088
test,306,522,400896,13119,1889136,2290032
test,307,495,380160,12211,1758384,2138544
test,308,500,384000,12709,1830096,2214096
test,309,432,331776,10181,1466064,1797840
test,310,397,304896,8447,1216368,1521264
test,311,477,366336,11036,1589184,1955520
test,312,487,374016,11821,1702224,2076240
test,313,473,363264,11244,1619136,1982400
test,314,456,350208,10663,1535472,1885680
test,315,546,419328,14030,2020320,2439648
test,316,659,506112,17150,2469600,2975712
test,317,410,314880,9270,1334880,1649760
test,318,462,354816,11200,1612800,1967616
test,319,503,386304,12041,1733904,2120208
test,320,374,287232,7732,1113408,1400640
test,321,507,389376,12029,1732176,2121552
test,322,444,340992,10042,1446048,1787040
test,323,409,314112,9659,1390896,1705008
test,324,472,362496,12081,1739664,2102160
test,325,371,284928,8140,1172160,1457088
test,326,411,315648,9596,1381824,1697472
test,327,392,301056,8667,1248048,1549104
test,328,528,405504,13420,1932480,2337984
test,329,398,305664,8981,1293264,1598928
test,330,378,290304,8766,1262304,1552608
test,331,507,389376,12838,1848672,2238048
test,332,491,377088,12085,1740240,2117328
test,333,412,316416,8927,1285488,1601904
test,334,477,366336,12022,1731168,2097504
